299078
299101
299123
299130
299168
299253
299266
299283
299308
299320
299363
299371
299409
299417
299437
299447
299455
299463
299469
299476
299501
299509
299523
299527
299564
299586
299587
299601
299635
299639
299645
299686
299695
299729
299768
299779
299842
299898
299934
299935
299938
299951
299983
300000
300028
300029
300045
300058
300072
300081
300102
300109
300122
300145
300177
300181
300198
300216
300278
300290
300328
300335
300339
300340
300348
300426
300448
300475
300539
300546
300572
300581
300607
300652
300671
300741
300780
300784
300790
300805
300818
300935
300990
301007
301082
301090
301108
301114
301122
301161
301192
301195
301198
301229
301236
301267
301279
301282
301287
301293
301300
301328
301351
301369
301383
301393
301462
301480
301485
301493
301503
301604
301626
301628
301679
301730
301740
301743
301756
301774
301823
301842
301857
301900
301904
301924
301930
301944
301950
301985
302001
302011
302018
302034
302035
302040
302043
302046
302059
302070
302078
302088
302090
302095
302099
302124
302143
302144
302152
302153
302165
302222
302225
302235
302253
302261
302298
302332
302350
302369
302377
302388
302465
302500
302522
302527
302529
302569
302586
302592
302596
302602
302612
302613
302630
302651
302660
302686
302692
302707
302718
302759
302772
302787
302813
302814
302815
302830
302897
302915
302939
302941
302956
302988
302990
303064
303111
303114
303117
303119
303139
303141
303143
303158
303206
303256
303263
303284
303289
303296
303366
303376
303377
303379
303424
303430
303468
303480
303490
303522
303540
303574
303577
303579
303625
303640
303648
303650
303652
303705
303709
303734
303753
303805
303842
303851
303861
303941
303953
303962
304028
304054
304066
304087
304089
304097
304135
304148
304152
304200
304209
304218
304235
304240
304248
304251
304270
304283
304292
304320
304324
304325
304355
304380
304382
304411
304465
304473
304491
304492
304524
304534
304563
304577
304578
304642
304670
304675
304708
304730
304782
304827
304833
304843
304846
304848
304859
304899
304907
304912
304917
304942
304947
304974
304985
305006
305015
305022
305045
305158
305168
305218
305225
305250
305253
305260
305299
305311
305377
305385
305435
305448
305491
305513
305557
305558
305559
305578
305634
305655
305681
305712
305735
305747
305754
305758
305774
305829
305864
305882
305938
305958
306001
306038
306040
306052
306083
306104
306108
306147
306186
306200
306219
306224
306290
306310
306313
306315
306329
306334
306336
306354
306367
306370
306397
306421
306433
306473
306493
306532
306535
306573
306582
306597
306611
306633
306675
306681
306696
306726
306755
306787
306790
306814
306823
306826
306875
306885
306889
306894
306950
306988
307046
307050
307069
307078
307093
307110
307114
307119
307143
307165
307198
307203
307220
307264
307340
307355
307378
307396
307413
307427
307441
307442
307443
307498
307508
307511
307513
307550
307565
307577
307583
307620
307630
307639
307684
307696
307717
307758
307779
307816
307818
307836
307843
307862
307967
308004
308013
308102
308107
308119
308146
308184
308198
308215
308217
308221
308241
308259
308280
308293
308295
308310
308316
308334
308349
308358
308363
308365
308431
308479
308487
308492
308494
308496
308505
308550
308565
308579
308584
308602
308613
308627
308645
308652
308686
308694
308696
308698
308714
308719
308747
308752
308775
308799
308814
308835
308864
308896
308965
309002
309049
309073
309086
309089
309096
309122
309134
309149
309169
309171
309193
309208
309213
309234
309292
309299
309305
309338
309339
309370
309380
309387
309403
309404
309418
309430
309470
309539
309549
309554
309572
309619
309666
309694
309728
309765
309782
309796
309837
309876
309916
309931
309932
309937
309967
309982
309988
309996
310064
310065
310071
310144
310145
310152
310167
310183
310217
310230
310245
310250
310265
310290
310308
310329
310330
310338
310347
310350
310361
310364
310394
310431
310434
310441
310443
310461
310464
310473
310481
310547
310570
310605
310650
310653
310673
310707
310735
310742
310745
310763
310777
310786
310791
310795
310800
310815
310849
310863
310872
310876
310920
310941
311002
311007
311010
311026
311030
311038
311074
311081
311104
311137
311146
311155
311221
311247
311263
311271
311295
311316
311355
311382
311384
311387
311426
311439
311441
311449
311454
311488
311519
311523
311561
311572
311610
311618
311626
311670
311676
311680
311710
311726
311727
311774
311790
311796
311811
311884
311893
311922
311942
311978
312004
312077
312107
312119
312130
312149
312159
312161
312178
312193
312206
312208
312213
312215
312227
312243
312261
312263
312264
312284
312308
312312
312326
312343
312357
312399
312407
312436
312487
312514
312516
312523
312537
312544
312585
312591
312601
312605
312622
312629
312648
312652
312658
312660
312694
312700
312705
312709
312710
312711
312712
312719
312732
312786
312796
312815
312824
312853
312885
312887
312959
312971
312975
312980
313025
313077
313098
313161
313166
313263
313301
313343
313363
313382
313390
313415
313484
313501
313508
313515
313528
313574
313653
313662
313669
313683
313692
313703
313716
313727
313751
313756
313763
313790
313791
313805
313815
313817
313841
313869
313870
313871
313910
313952
313970
313994
313997
314012
314026
314082
314131
314193
314221
314231
314246
314248
314259
314282
314290
314300
314343
314374
314392
314406
314409
314413
314427
314450
314455
314458
314462
314463
314481
314498
314544
314546
314581
314603
314609
314622
314640
314645
314664
314677
314776
314784
314792
314804
314807
314872
314873
314880
314889
314927
314929
314962
314964
315002
315015
315021
315027
315071
315081
315102
315129
315139
315152
315157
315167
315176
315204
315208
315222
315232
315233
315246
315269
315279
315285
315315
315317
315324
315354
315403
315408
315432
315434
315435
315439
315467
315486
315504
315510
315511
315534
315576
315592
315595
315599
315635
315646
315653
315657
315674
315697
315719
315720
315764
315849
315861
315874
315886
315934
315944
315960
315990
316013
316018
316040
316088
316114
316147
316153
316168
316198
316203
316259
316267
316297
316356
316389
316391
316394
316402
316404
316413
316480
316487
316509
316512
316549
316594
316601
316643
316700
316710
316721
316744
316750
316770
316788
316804
316810
316811
316817
316890
316917
316924
316931
316960
316965
316986
317000
317041
317058
317079
317080
317095
317104
317123
317131
317165
317213
317231
317235
317241
317299
317301
317312
317337
317429
317492
317506
317518
317524
317544
317552
317574
317581
317585
317590
317602
317661
317760
317780
317781
317801
317804
317816
317825
317896
317897
317898
317910
317947
317957
317962
318005
318053
318062
318076
318097
318107
318189
318203
318251
318261
318269
318278
318279
318282
318304
318314
318327
318358
318377
318397
318399
318404
318415
318490
318529
318546
318559
318568
318573
318609
318629
318643
318683
318688
318715
318724
318727
318749
318768
318771
318792
318793
318798
318911
318920
318941
318964
318980
319027
319040
319045
319048
319052
319073
319095
319101
319103
319104
319109
319168
319199
319203
319238
319306
319320
319343
319356
319359
319364
319370
319388
319401
319422
319426
319435
319445
319468
319480
319509
319511
319522
319537
319548
319579
319590
319600
319612
319629
319633
319653
319661
319693
319702
319769
319778
319806
319820
319822
319835
319836
319857
319898
319900
319912
319944
319968
319990
320013
320025
320034
320035
320094
320112
320149
320175
320208
320281
320365
320379
320385
320394
320400
320463
320503
320507
320508
320552
320555
320583
320602
320607
320610
320617
320640
320648
320649
320656
320668
320697
320750
320756
320826
320831
320835
320839
320846
320851
320860
320867
320869
320898
320941
320978
320993
320994
321006
321012
321021
321049
321075
321113
321114
321115
321126
321185
321196
321209
321253
321258
321262
321285
321299
321310
321311
321348
321349
321394
321395
321431
321446
321460
321467
321471
321487
321490
321510
321527
321535
321550
321564
321572
321576
321585
321600
321627
321636
321657
321673
321683
321692
321703
321719
321726
321761
321796
321800
321831
321848
321852
321894
321906
321908
321933
321938
321954
321970
321979
321982
322022
322039
322047
322059
322079
322104
322132
322146
322152
322168
322192
322204
322242
322315
322334
322336
322348
322440
322455
322462
322505
322535
322545
322561
322575
322583
322617
322634
322640
322672
322708
322724
322734
322777
322851
322892
322898
322901
322963
322966
322970
322979
322987
322997
323007
323029
323045
323054
323082
323149
323182
323207
323211
323229
323245
323262
323275
323281
323327
323412
323429
323466
323508
323515
323555
323557
323594
323604
323635
323659
323668
323672
323700
323701
323736
323759
323831
323909
323953
323975
323992
324025
324029
324044
324051
324057
324065
324082
324090
324103
324120
324125
324141
324153
324161
324177
324195
324227
324251
324261
324262
324304
324305
324317
324325
324326
324331
324332
324335
324338
324344
324360
324373
324381
324439
324443
324453
324466
324478
324518
324521
324532
324543
324553
324570
324575
324610
324616
324620
324695
324698
324732
324749
324755
324804
324816
324823
324829
324834
324845
324849
324863
324889
324903
324905
324909
324949
324983
324997
325010
325029
325033
325040
325059
325068
325074
325104
325119
325126
325141
325166
325212
325217
325230
325245
325249
325278
325291
325301
325361
325362
325366
325402
325410
325419
325449
325462
325464
325510
325537
325553
325558
325559
325601
325602
325632
325644
325647
325653
325655
325666
325670
325694
325752
325758
325770
325843
325890
325891
325918
325929
325932
325941
325942
325962
325963
325989
326014
326090
326109
326122
326151
326215
326288
326304
326307
326319
326328
326369
326374
326404
326453
326454
326491
326542
326550
326565
326641
326649
326650
326655
326671
326673
326677
326718
326727
326732
326757
326769
326777
326781
326807
326824
326831
326860
326864
326888
326898
326923
326939
326969
326973
326983
326992
327007
327024
327043
327045
327055
327112
327126
327132
327163
327189
327214
327218
327223
327291
327318
327350
327405
327412
327416
327454
327467
327481
327483
327498
327533
327553
327568
327624
327645
327654
327697
327761
327778
327791
327806
327825
327828
327833
327842
327875
327885
327887
327904
327911
327912
327924
327943
327946
327992
328000
328018
328039
328089
328153
328189
328238
328244
328253
328264
328291
328300
328303
328333
328381
328416
328445
328451
328490
328494
328540
328569
328580
328594
328619
328628
328629
328632
328656
328725
328731
328773
328782
328793
328805
328817
328822
328824
328844
328884
328907
328930
328970
329001
329015
329027
329035
329053
329060
329088
329201
329311
329325
329334
329351
329366
329381
329425
329442
329456
329469
329475
329479
329502
329506
329534
329545
329548
329564
329590
329591
329594
329600
329636
329653
329671
329676
329687
329714
329725
329730
329743
329790
329825
329826
329875
329903
329905
329949
329958
329965
329993
330012
330026
330032
330046
330056
330072
330117
330132
330137
330162
330192
330201
330207
330251
330256
330263
330274
330282
330293
330302
330312
330313
330328
330334
330372
330381
330396
330420
330422
330443
330457
330482
330519
330536
330543
330547
330548
330602
330636
330675
330690
330710
330776
330788
330820
330826
330827
330828
330852
330855
330864
330912
330922
330931
330967
330969
330977
331005
331032
331058
331124
331128
331135
331181
331187
331237
331304
331366
331417
331438
331502
331516
331534
331599
331605
331638
331654
331672
331731
331765
331788
331793
331796
331830
331909
331980
332053
332054
332058
332077
332090
332109
332121
332138
332140
332173
332177
332181
332210
332213
332231
332235
332240
332242
332251
332321
332359
332393
332394
332450
332480
332483
332501
332513
332534
332565
332583
332620
332664
332699
332729
332739
332795
332807
332834
332873
332920
332956
332992
333048
333179
333194
333198
333243
333275
333286
333328
333342
333363
333366
333389
333418
333419
333424
333467
333478
333494
333514
333560
333562
333565
333594
333644
333677
333723
333759
333845
333898
333929
333936
333937
333990
334012
334013
334021
334042
334045
334059
334114
334121
334149
334168
334170
334173
334196
334199
334254
334283
334304
334307
334323
334339
334340
334361
334412
334447
334454
334459
334472
334479
334483
334563
334581
334590
334612
334617
334698
334706
334707
334716
334729
334751
334809
334900
334914
334933
334944
334946
334949
334957
334965
334995
335000
335007
335023
335035
335046
335062
335115
335122
335200
335211
335232
335250
335300
335302
335311
335312
335319
335386
335387
335394
335407
335434
335464
335512
335539
335548
335564
335587
335588
335610
335617
335687
335696
335718
335741
335742
335757
335788
335789
335809
335813
335845
335869
335871
335887
335971
336035
336041
336045
336069
336090
336094
336110
336121
336137
336175
336200
336211
336226
336264
336267
336277
336280
336287
336320
336326
336340
336373
336378
336381
336405
336451
336474
336485
336491
336528
336555
336603
336613
336625
336626
336679
336695
336701
336705
336713
336726
336741
336780
336788
336789
336826
336828
336852
336912
336920
336969
336990
337003
337030
337067
337094
337113
337130
337143
337150
337189
337234
337245
337279
337294
337295
337308
337314
337362
337397
337398
337429
337432
337435
337450
337565
337570
337571
337604
337607
337619
337698
337711
337736
337750
337771
337793
337795
337836
337839
337882
337891
337915
337942
337956
337973
337981
337991
337997
338024
338040
338055
338070
338074
338103
338113
338116
338136
338137
338166
338189
338278
338311
338319
338340
338342
338359
338360
338368
338378
338391
338412
338480
338482
338493
338507
338520
338528
338547
338564
338572
338591
338600
338608
338643
338658
338687
338693
338707
338719
338720
338742
338824
338847
338890
338929
338942
338961
338974
339047
339061
339077
339082
339102
339108
339130
339159
339161
339185
339222
339249
339283
339289
339303
339310
339334
339408
339410
339420
339430
339431
339438
339455
339474
339531
339534
339551
339564
339584
339598
339602
339646
339660
339777
339863
339870
339891
339942
339946
339947
339955
339976
339992
340023
340038
340046
340047
340080
340129
340154
340166
340170
340224
340242
340250
340258
340285
340330
340345
340363
340364
340376
340418
340472
340481
340522
340526
340543
340598
340646
340661
340665
340666
340667
340670
340671
340695
340723
340733
340749
340858
340913
340919
340924
340937
340944
340965
340981
340991
341011
341023
341026
341057
341091
341113
341117
341118
341121
341169
341196
341214
341235
341248
341269
341311
341312
341370
341373
341390
341428
341469
341482
341556
341564
341588
341607
341671
341691
341709
341711
341724
341730
341735
341744
341766
341768
341781
341795
341819
341848
341858
341904
341919
341921
341930
341943
341959
341964
341973
342001
342066
342087
342089
342094
342101
342110
342137
342155
342200
342204
342211
342215
342228
342253
342254
342268
342272
342316
342317
342318
342331
342336
342394
342430
342447
342466
342473
342475
342482
342489
342496
342538
342540
342541
342553
342556
342560
342580
342582
342598
342611
342628
342635
342641
342663
342708
342711
342713
342719
342729
342744
342751
342807
342836
342839
342850
342888
342931
342940
342946
342959
342978
343017
343019
343074
343091
343161
343182
343210
343237
343263
343281
343294
343378
343388
343411
343456
343473
343499
343507
343525
343539
343570
343594
343618
343623
343648
343660
343675
343714
343725
343726
343750
343765
343798
343828
343837
343842
343845
343881
343896
343899
343912
343936
343990
344020
344021
344038
344078
344083
344099
344105
344123
344139
344161
344174
344180
344215
344221
344264
344301
344313
344340
344354
344379
344424
344448
344455
344459
344478
344480
344484
344495
344501
344511
344526
344530
344580
344582
344614
344620
344630
344690
344720
344726
344758
344775
344783
344863
344872
344878
344904
344913
344922
344941
344973
344986
345049
345054
345063
345077
345078
345086
345112
345169
345179
345190
345229
345243
345251
345269
345280
345294
345305
345311
345313
345325
345356
345360
345362
345380
345395
345396
345398
345412
345463
345476
345498
345507
345524
345529
345576
345578
345602
345621
345660
345674
345710
345721
345763
345787
345794
345796
345854
345897
345902
346038
346042
346051
346072
346086
346087
346091
346191
346218
346231
346266
346326
346332
346338
346443
346451
346477
346519
346530
346541
346564
346594
346595
346608
346625
346645
346656
346658
346675
346692
346750
346777
346800
346884
346955
346989
346990
347000
347007
347012
347025
347027
347038
347044
347067
347078
347084
347105
347108
347112
347121
347166
347256
347277
347304
347310
347413
347419
347424
347445
347446
347509
347544
347571
347576
347596
347636
347650
347676
347710
347742
347755
347761
347804
347815
347848
347880
347908
347913
347922
347924
347943
347952
347960
347962
347973
348049
348078
348092
348097
348112
348139
348146
348157
348226
348250
348276
348299
348311
348352
348370
348416
348424
348429
348460
348488
348495
348537
348544
348562
348618
348659
348755
348786
348795
348797
348812
348862
348885
348914
348930
348940
348956
348999
349009
349080
349094
349101
349105
349119
349124
349194
349205
349239
349242
349289
349296
349360
349377
349385
349392
349412
349454
349540
349558
349586
349615
349621
349652
349669
349680
349715
349743
349781
349806
349818
349831
349857
349866
349928
349937
349948
349960
349975
349981
349982
350005
350023
350052
350058
350089
350135
350138
350150
350164
350236
350266
350313
350318
350329
350337
350342
350360
350369
350377
350379
350385
350396
350410
350421
350468
350472
350478
350525
350554
350570
350574
350582
350623
350646
350664
350687
350688
350729
350753
350778
350810
350815
350858
350873
350894
350916
350951
351006
351036
351037
351073
351080
351147
351165
351167
351186
351197
351215
351219
351236
351239
351244
351271
351278
351290
351311
351350
351380
351405
351412
351435
351464
351467
351482
351522
351536
351579
351614
351641
351645
351646
351671
351675
351693
351697
351705
351736
351747
351758
351777
351835
351845
351877
351890
351903
351912
351915
351922
351931
351956
351976
352067
352088
352100
352102
352120
352131
352182
352191
352204
352291
352295
352296
352324
352328
352334
352356
352373
352379
352414
352470
352488
352493
352495
352557
352578
352609
352628
352645
352670
352672
352689
352703
352708
352720
352721
352751
352769
352794
352795
352805
352832
352854
352877
352881
352882
352886
352904
352945
352948
352966
352979
353008
353019
353046
353066
353075
353080
353092
353116
353119
353132
353153
353155
353174
353180
353183
353184
353234
353245
353251
353271
353275
353298
353367
353374
353375
353421
353424
353443
353446
353484
353503
353504
353513
353514
353519
353601
353602
353605
353617
353619
353632
353637
353679
353686
353710
353729
353739
353741
353787
353792
353836
353852
353878
353918
353924
353935
353940
354029
354040
354070
354078
354100
354112
354162
354177
354180
354213
354224
354226
354240
354249
354259
354263
354275
354284
354316
354330
354364
354378
354390
354459
354531
354566
354569
354582
354587
354602
354636
354651
354693
354717
354720
354722
354723
354733
354737
354749
354767
354818
354851
354856
354888
354897
354908
354918
354943
354987
354992
355008
355029
355030
355066
355103
355117
355132
355144
355149
355162
355170
355185
355209
355240
355246
355284
355313
355317
355322
355352
355390
355441
355449
355480
355499
355501
355507
355518
355559
355591
355605
355622
355697
355714
355735
355779
355816
355819
355827
355841
355870
355905
355931
355964
355980
355999
356047
356055
356100
356138
356165
356167
356231
356254
356259
356300
356304
356320
356331
356334
356411
356415
356423
356427
356442
356443
356461
356483
356487
356504
356564
356592
356657
356683
356688
356704
356712
356714
356715
356754
356785
356786
356797
356812
356831
356852
356871
356899
356938
356963
356967
356970
356987
357029
357075
357088
357095
357111
357140
357144
357148
357155
357199
357232
357235
357250
357260
357270
357279
357307
357311
357317
357325
357351
357359
357394
357421
357435
357463
357464
357493
357506
357511
357537
357545
357591
357594
357600
357622
357673
357747
357765
357776
357784
357846
357855
357860
357881
357884
357886
357894
357904
357913
357950
357959
357969
357987
357999
358033
358102
358136
358158
358172
358185
358192
358210
358230
358240
358241
358253
358256
358267
358308
358360
358411
358424
358454
358493
358564
358657
358661
358667
358677
358681
358704
358712
358738
358749
358758
358764
358781
358809
358822
358846
358854
358914
358996
359047
359056
359076
359079
359118
359152
359169
359226
359228
359247
359251
359309
359313
359389
359402
359412
359426
359438
359460
359490
359510
359543
359568
359579
359580
359584
359587
359595
359615
359616
359620
359660
359669
359692
359699
359744
359768
359771
359797
359813
359821
359832
359858
359860
359904
359918
359920
359947
359977
359982
360011
360013
360048
360052
360055
360056
360066
360094
360102
360151
360228
360253
360261
360266
360267
360268
360285
360289
360297
360304
360313
360318
360337
360338
360339
360345
360376
360418
360469
360476
360498
360505
360541
360554
360559
360567
360578
360621
360679
360682
360684
360701
360708
360724
360742
360784
360805
360821
360882
360894
360949
360987
360993
361059
361065
361083
361097
361121
361130
361137
361166
361176
361186
361241
361274
361292
361293
361302
361337
361368
361377
361387
361416
361417
361456
361461
361466
361471
361472
361515
361519
361522
361533
361549
361553
361554
361560
361564
361588
361598
361603
361610
361624
361628
361662
361663
361669
361730
361735
361791
361800
361813
361819
361847
361916
361926
361950
361956
361979
361984
362020
362031
362049
362051
362054
362059
362142
362148
362153
362171
362187
362199
362226
362241
362243
362254
362264
362281
362285
362313
362437
362438
362470
362481
362485
362491
362510
362557
362625
362626
362629
362651
362659
362713
362729
362735
362779
362782
362783
362797
362815
362841
362872
362880
362891
362902
362936
363006
363114
363140
363175
363178
363202
363209
363242
363272
363285
363298
363336
363347
363353
363359
363392
363399
363424
363453
363465
363573
363632
363662
363683
363762
363777
363798
363800
363844
363874
363876
363899
363923
363924
363948
363971
363985
364045
364061
364068
364076
364094
364099
364118
364149
364165
364183
364225
364234
364300
364329
364330
364338
364352
364361
364364
364374
364432
364442
364443
364451
364452
364454
364488
364519
364539
364546
364600
364642
364646
364652
364682
364689
364698
364699
364707
364727
364732
364755
364758
364767
364805
364808
364840
364841
364845
364846
364847
364887
364914
364918
364925
364939
364942
364964
364985
365006
365012
365057
365071
365083
365088
365209
365218
365226
365235
365240
365252
365258
365279
365340
365363
365382
365389
365396
365410
365421
365434
365436
365519
365526
365532
365551
365565
365600
365605
365651
365666
365752
365790
365807
365812
365814
365828
365843
365864
365911
365918
365947
365954
365972
365979
366030
366066
366076
366096
366102
366135
366146
366155
366209
366248
366252
366318
366334
366340
366345
366375
366388
366396
366408
366426
366492
366528
366565
366608
366635
366669
366749
366754
366759
366781
366820
366823
366832
366880
366899
366908
366924
366943
366950
366956
366981
367057
367059
367065
367083
367097
367127
367139
367141
367249
367255
367261
367269
367319
367323
367351
367360
367370
367371
367387
367394
367441
367467
367468
367470
367474
367475
367483
367492
367510
367512
367539
367542
367564
367586
367597
367619
367696
367710
367793
367819
367869
367877
367934
367950
367954
367971
368017
368032
368045
368055
368072
368081
368124
368131
368143
368160
368177
368186
368202
368220
368225
368232
368258
368342
368360
368361
368393
368416
368418
368422
368428
368441
368450
368464
368466
368482
368514
368558
368581
368610
368643
368675
368679
368714
368745
368756
368804
368805
368837
368843
368879
368910
368920
368922
368967
368982
369029
369049
369058
369115
369125
369142
369152
369156
369163
369191
369213
369224
369237
369253
369289
369295
369296
369297
369311
369348
369352
369367
369390
369402
369410
369429
369448
369493
369525
369532
369553
369564
369566
369593
369607
369622
369642
369670
369688
369725
369734
369748
369796
369846
369850
369869
369872
369888
369900
369901
369921
369979
369985
370002
370003
370076
370088
370101
370145
370154
370156
370166
370180
370199
370206
370224
370241
370246
370250
370259
370288
370328
370336
370339
370358
370359
370400
370439
370447
370456
370474
370484
370515
370540
370568
370592
370593
370620
370669
370681
370706
370707
370709
370711
370727
370735
370744
370752
370777
370787
370795
370807
370836
370860
370866
370879
370907
370917
370935
370955
370964
370976
370988
371004
371033
371049
371073
371124
371157
371195
371237
371250
371264
371282
371311
371320
371337
371351
371357
371376
371387
371391
371399
371433
371456
371486
371498
371539
371560
371564
371602
371603
371619
371641
371652
371678
371713
371734
371750
371799
371811
371813
371825
371830
371851
371863
371871
371925
371947
371952
371955
371964
371973
372014
372023
372043
372076
372077
372085
372092
372125
372154
372158
372164
372194
372217
372221
372234
372246
372274
372312
372328
372341
372342
372344
372356
372358
372368
372374
372375
372382
372416
372441
372442
372455
372460
372464
372487
372489
372515
372608
372656
372689
372690
372695
372701
372715
372722
372723
372732
372741
372768
372808
372885
372958
372992
373022
373075
373083
373085
373090
373104
373113
373143
373156
373225
373236
373283
373314
373332
373335
373361
373370
373373
373387
373414
373417
373418
373430
373446
373450
373482
373499
373518
373561
373584
373611
373704
373743
373752
373774
373775
373778
373795
373800
373806
373823
373867
373878
373892
373906
373908
373927
373933
373935
373945
373972
373975
373976
373978
373981
373985
373991
374014
374051
374057
374059
374078
374219
374224
374237
374277
374293
374294
374303
374305
374325
374411
374417
374418
374436
374472
374482
374498
374533
374541
374577
374636
374641
374668
374739
374752
374792
374866
374879
374892
374912
374962
374988
375002
375031
375115
375116
375126
375181
375217
375249
375260
375271
375290
375313
375324
375343
375394
375439
375449
375455
375466
375474
375485
375503
375506
375541
375575
375584
375603
375604
375635
375641
375647
375666
375691
375736
375768
375797
375804
375805
375808
375834
375841
375845
375854
375856
375863
375868
375927
375949
375993
376031
376044
376047
376074
376089
376103
376113
376160
376162
376261
376287
376297
376315
376347
376349
376358
376372
376424
376438
376448
376455
376458
376497
376527
376537
376546
376547
376575
376643
376649
376655
376672
376744
376748
376788
376804
376807
376834
376835
376868
376886
376892
376894
376923
376924
376956
376963
377010
377013
377049
377050
377089
377130
377162
377175
377191
377248
377269
377276
377280
377306
377313
377322
377333
377366
377374
377394
377402
377408
377453
377476
377488
377490
377503
377507
377550
377563
377594
377621
377624
377637
377638
377654
377673
377685
377695
377711
377730
377741
377762
377770
377772
377792
377814
377881
377925
377947
377951
377979
377980
378022
378098
378103
378119
378126
378133
378162
378169
378175
378227
378230
378241
378249
378272
378282
378288
378294
378309
378346
378369
378458
378509
378534
378562
378577
378583
378597
378648
378667
378745
378764
378770
378796
378803
378832
378881
378883
378959
378997
379015
379033
379037
379068
379075
379095
379154
379170
379186
379229
379307
379308
379325
379329
379339
379348
379354
379365
379375
379379
379400
379424
379429
379432
379448
379495
379537
379576
379588
379608
379651
379657
379675
379744
379779
379801
379816
379831
379840
379887
379936
379944
379973
379978
379983
379999
380002
380014
380036
380041
380072
380086
380130
380148
380172
380193
380223
380248
380264
380285
380345
380355
380445
380446
380458
380466
380551
380576
380578
380580
380653
380659
380671
380722
380752
380756
380773
380915
380922
380931
380935
380957
380998
381024
381038
381054
381073
381101
381110
381126
381151
381182
381198
381203
381223
381231
381241
381255
381271
381276
381286
381312
381331
381338
381349
381383
381395
381396
381413
381426
381441
381447
381453
381483
381509
381523
381550
381578
381626
381635
381655
381709
381712
381717
381742
381777
381815
381853
381865
381871
381940
381944
381945
381955
381994
382001
382010
382030
382046
382047
382072
382081
382130
382133
382168
382208
382230
382240
382244
382269
382277
382278
382279
382347
382384
382396
382416
382444
382468
382471
382494
382509
382511
382523
382528
382565
382599
382622
382634
382647
382670
382718
382748
382759
382780
382842
382852
382867
382881
382883
382899
382923
382928
382945
382976
382981
383053
383063
383072
383102
383108
383109
383124
383139
383144
383185
383187
383214
383219
383255
383317
383335
383347
383351
383354
383360
383374
383409
383410
383418
383429
383443
383459
383471
383507
383509
383571
383574
383585
383610
383643
383651
383673
383691
383699
383707
383711
383737
383745
383776
383810
383820
383863
383880
383901
383975
383997
383999
384040
384049
384058
384080
384122
384127
384137
384148
384160
384161
384169
384182
384188
384206
384217
384233
384255
384322
384332
384375
384424
384439
384442
384445
384467
384515
384534
384555
384560
384581
384584
384591
384596
384620
384621
384661
384699
384703
384706
384712
384723
384734
384780
384790
384804
384821
384827
384829
384852
384893
384902
384906
384925
384975
385002
385003
385014
385017
385083
385129
385146
385171
385191
385198
385223
385231
385267
385274
385287
385295
385326
385354
385358
385362
385364
385369
385372
385373
385375
385377
385423
385424
385447
385451
385519
385522
385523
385540
385559
385561
385575
385596
385614
385645
385655
385667
385669
385688
385706
385722
385740
385746
385793
385801
385828
385836
385847
385867
385902
386035
386049
386072
386092
386105
386109
386151
386162
386193
386264
386272
386274
386281
386301
386309
386315
386321
386411
386416
386432
386434
386444
386498
386517
386536
386539
386560
386572
386591
386608
386622
386633
386642
386645
386675
386691
386706
386718
386722
386748
386755
386762
386766
386775
386784
386810
386822
386843
386855
386867
386879
386883
386899
386926
386951
387001
387028
387063
387119
387124
387139
387189
387214
387218
387223
387235
387294
387308
387315
387353
387376
387417
387432
387494
387514
387583
387642
387647
387652
387666
387668
387686
387705
387743
387745
387759
387764
387774
387782
387795
387816
387880
387949
387953
387968
388007
388012
388014
388016
388025
388071
388135
388156
388177
388181
388199
388200
388217
388230
388296
388307
388338
388340
388360
388383
388397
388425
388436
388474
388483
388489
388500
388544
388606
388609
388630
388668
388679
388737
388741
388806
388889
388894
388918
388931
388939
388958
389018
389038
389039
389067
389107
389113
389117
389135
389172
389202
389210
389225
389243
389248
389249
389257
389267
389274
389294
389314
389319
389320
389335
389337
389364
389391
389400
389401
389464
389467
389471
389498
389543
389566
389581
389591
389634
389645
389671
389679
389697
389709
389712
389738
389748
389761
389763
389788
389822
389839
389850
389864
389885
389922
389975
389985
390001
390016
390075
390133
390155
390167
390168
390177
390203
390219
390238
390266
390282
390286
390351
390374
390375
390389
390392
390441
390467
390507
390516
390543
390547
390561
390573
390576
390593
390603
390627
390638
390663
390671
390694
390768
390769
390778
390786
390834
390836
390864
390870
390883
390903
390904
390913
390958
390994
390998
391020
391024
391028
391114
391138
391139
391155
391166
391187
391208
391223
391225
391264
391269
391292
391304
391318
391387
391394
391396
391403
391408
391419
391422
391447
391448
391453
391461
391470
391476
391479
391548
391571
391577
391604
391606
391612
391629
391637
391719
391720
391731
391751
391798
391802
391813
391836
391839
391862
391876
391904
391915
391920
391921
391924
391958
391998
392012
392021
392022
392060
392169
392180
392248
392280
392281
392302
392316
392393
392405
392435
392448
392457
392459
392488
392492
392512
392545
392546
392562
392567
392568
392592
392594
392648
392686
392711
392759
392769
392775
392789
392797
392798
392825
392830
392835
392868
392897
392899
392958
392973
392975
393005
393024
393032
393070
393089
393146
393243
393246
393263
393291
393322
393348
393388
393401
393406
393420
393428
393435
393446
393449
393451
393455
393468
393518
393526
393547
393552
393606
393628
393645
393650
393687
393706
393726
393729
393741
393744
393813
393921
393924
393925
393935
393960
393961
393974
393981
393990
394007
394035
394053
394066
394092
394098
394109
394122
394130
394165
394168
394171
394202
394220
394226
394233
394273
394356
394436
394473
394475
394500
394530
394631
394664
394669
394676
394679
394682
394685
394691
394718
394805
394812
394815
394825
394839
394845
394875
394886
394908
394911
394924
394944
394946
394951
394961
394970
395029
395046
395089
395092
395100
395124
395172
395174
395229
395237
395255
395267
395294
395309
395311
395328
395352
395369
395428
395431
395435
395456
395471
395476
395479
395505
395509
395625
395627
395629
395642
395700
395712
395737
395745
395756
395775
395780
395848
395861
395916
395995
396004
396023
396049
396075
396076
396094
396112
396122
396178
396203
396206
396209
396278
396301
396445
396502
396504
396544
396549
396561
396563
396588
396639
396655
396659
396672
396699
396710
396745
396748
396751
396756
396810
396816
396820
396885
396907
396959
396978
397001
397017
397061
397075
397078
397082
397118
397127
397129
397136
397174
397184
397215
397216
397241
397260
397279
397302
397307
397401
397467
397488
397531
397556
397582
397585
397586
397588
397592
397600
397604
397670
397705
397761
397787
397802
397826
397850
397858
397885
397887
397894
397899
397961
398008
398019
398034
398037
398038
398053
398060
398083
398090
398116
398122
398162
398182
398192
398199
398218
398219
398281
398290
398305
398336
398348
398364
398368
398369
398372
398418
398441
398453
398464
398475
398476
398493
398501
398532
398640
398696
398711
398718
398725
398729
398744
398792
398816
398824
398856
398902
398944
398959
399004
399018
399021
399023
399026
399040
399042
399068
399072
399076
399096
399114
399135
399168
399176
399183
399198
399213
399275
399295
399388
399417
399419
399440
399503
399557
399622
399640
399661
399671
399685
399712
399772
399773
399782
399785
399786
399795
399797
399801
399803
399867
399869
399872
399909
399933
399941
399951
399952
399994
400009
400033
400052
400073
400079
400087
400089
400106
400156
400172
400189
400237
400258
400282
400291
400303
400304
400322
400336
400346
400375
400393
400412
400413
400472
400489
400499
400566
400570
400572
400596
400607
400609
400610
400630
400634
400637
400641
400650
400671
400680
400692
400695
400699
400712
400717
400755
400757
400763
400765
400806
400811
400829
400854
400864
400889
400904
400909
400917
400923
400957
400967
400985
400988
400990
400991
400996
401014
401019
401056
401066
401084
401091
401106
401113
401137
401156
401164
401190
401198
401220
401227
401238
401242
401250
401289
401316
401320
401333
401335
401416
401419
401488
401497
401498
401530
401551
401575
401591
401594
401609
401618
401646
401649
401650
401687
401690
401744
401787
401799
401861
401878
401884
401892
401893
401902
401918
401977
401984
402098
402112
402135
402155
402163
402164
402180
402185
402197
402212
402286
402292
402304
402339
402345
402348
402387
402407
402410
402434
402445
402491
402508
402519
402528
402533
402538
402558
402559
402567
402580
402598
402649
402699
402701
402715
402727
402743
402747
402759
402764
402770
402786
402811
402821
402837
402870
402883
402902
402919
402931
402943
402968
402979
402980
403032
403065
403067
403077
403080
403086
403097
403139
403161
403205
403210
403224
403228
403233
403238
403247
403249
403252
403268
403286
403296
403302
403306
403324
403356
403390
403391
403412
403420
403472
403518
403529
403541
403572
403594
403604
403631
403638
403661
403666
403694
403701
403722
403751
403755
403762
403782
403784
403787
403795
403798
403827
403836
403843
403875
403889
403892
403908
403912
403957
404033
404050
404096
404105
404119
404127
404173
404184
404237
404252
404275
404290
404326
404344
404352
404376
404380
404388
404398
404445
404484
404491
404512
404518
404527
404553
404555
404567
404580
404592
404593
404599
404618
404645
404722
404834
404841
404847
404865
404900
404909
404912
404952
404953
405009
405017
405051
405078
405117
405122
405123
405131
405133
405138
405158
405165
405166
405180
405192
405242
405272
405340
405351
405356
405364
405402
405403
405405
405410
405415
405423
405431
405458
405474
405487
405509
405516
405523
405526
405561
405564
405590
405637
405653
405692
405699
405737
405755
405772
405780
405783
405863
405877
405905
405991
405995
406004
406007
406042
406093
406122
406124
406130
406137
406154
406202
406213
406217
406248
406266
406276
406316
406320
406323
406351
406374
406376
406402
406403
406415
406418
406430
406458
406475
406497
406526
406531
406550
406598
406619
406632
406647
406648
406678
406695
406711
406724
406734
406756
406776
406779
406781
406803
406805
406822
406824
406826
406856
406872
406880
406890
406918
406924
406975
407027
407115
407118
407121
407140
407146
407191
407215
407226
407278
407285
407291
407306
407312
407315
407357
407381
407413
407424
407483
407559
407575
407580
407587
407597
407600
407612
407613
407657
407658
407684
407689
407704
407734
407737
407746
407755
407781
407797
407801
407818
407821
407822
407825
407868
407876
407908
407918
407984
407988
407994
408023
408046
408092
408101
408127
408185
408216
408223
408240
408262
408276
408292
408299
408333
408354
408387
408397
408412
408413
408436
408496
408536
408553
408570
408607
408685
408707
408710
408721
408729
408762
408777
408803
408819
408825
408879
408884
408943
408951
408965
409007
409026
409038
409054
409069
409076
409077
409126
409135
409171
409203
409216
409247
409255
409266
409267
409279
409327
409373
409377
409392
409475
409482
409486
409488
409554
409559
409650
409657
409675
409721
409747
409784
409789
409830
409834
409859
409869
409874
409876
409905
409906
409908
409983
409995
410034
410063
410065
410078
410098
410104
410116
410124
410136
410152
410153
410179
410195
410217
410250
410262
410263
410273
410284
410296
410329
410406
410425
410427
410455
410510
410550
410568
410584
410610
410622
410628
410639
410662
410667
410669
410684
410695
410705
410709
410721
410762
410772
410779
410791
410797
410871
410902
410905
410934
410952
410957
410978
410989
410997
411015
411052
411100
411104
411119
411147
411148
411168
411244
411249
411332
411343
411352
411375
411380
411393
411463
411467
411533
411577
411587
411643
411658
411671
411678
411679
411717
411738
411755
411762
411783
411784
411817
411831
411844
411849
411917
411964
412071
412083
412158
412183
412185
412232
412285
412304
412326
412351
412353
412403
412468
412525
412548
412574
412658
412680
412700
412706
412740
412776
412791
412800
412801
412873
412887
412894
412913
412928
412936
412949
412960
412973
412980
412989
413028
413034
413052
413091
413120
413134
413165
413169
413181
413200
413210
413223
413250
413266
413281
413283
413306
413321
413343
413360
413413
413419
413421
413429
413484
413518
413528
413546
413611
413616
413617
413645
413671
413672
413695
413696
413749
413758
413797
413807
413820
413847
413851
413852
413860
413871
413886
413929
413952
413954
413959
413960
413967
414018
414021
414073
414082
414103
414118
414120
414124
414126
414142
414151
414203
414223
414228
414295
414303
414314
414327
414331
414336
414340
414372
414381
414391
414456
414463
414500
414552
414573
414609
414614
414641
414661
414680
414692
414697
414706
414716
414736
414768
414800
414821
414830
414850
414872
414986
415000
415006
415043
415060
415077
415078
415112
415129
415147
415177
415204
415209
415210
415258
415272
415330
415373
415376
415392
415396
415401
415415
415450
415506
415515
415533
415547
415557
415566
415580
415589
415594
415598
415627
415652
415670
415679
415693
415709
415723
415756
415764
415778
415805
415818
415836
415856
415883
415899
415927
415933
415942
415981
415999
416010
416015
416021
416037
416056
416066
416078
416084
416116
416126
416137
416143
416170
416189
416197
416219
416226
416269
416295
416326
416336
416349
416373
416394
416407
416420
416424
416460
416544
416554
416557
416564
416571
416584
416599
416616
416637
416648
416667
416680
416715
416717
416725
416745
416800
416814
416828
416837
416874
416915
416926
416939
416965
416997
417028
417045
417055
417083
417118
417121
417135
417140
417141
417156
417212
417227
417281
417293
417306
417323
417326
417338
417341
417345
417360
417374
417425
417434
417449
417481
417499
417581
417584
417589
417591
417603
417655
417668
417669
417674
417676
417719
417793
417864
417898
417904
417914
417978
418001
418016
418024
418067
418117
418125
418144
418191
418219
418236
418281
418283
418290
418323
418334
418346
418365
418368
418392
418396
418410
418444
418452
418477
418487
418542
418544
418567
418585
418618
418660
418661
418678
418694
418705
418710
418742
418751
418784
418799
418810
418818
418824
418829
418837
418872
418899
418901
418923
418931
418947
418963
418997
419000
419004
419036
419041
419048
419067
419097
419125
419130
419131
419147
419157
419160
419165
419178
419180
419182
419189
419193
419227
419229
419230
419281
419290
419311
419329
419338
419348
419352
419358
419378
419393
419395
419417
419432
419435
419437
419497
419511
419516
419552
419561
419580
419588
419597
419611
419614
419660
419665
419681
419685
419703
419713
419726
419748
419832
419849
419854
419876
419913
419929
419932
419957
419992
420010
420025
420033
420085
420095
420102
420119
420127
420174
420198
420217
420222
420248
420254
420255
420297
420317
420318
420337
420383
420404
420448
420482
420513
420525
420577
420588
420642
420653
420656
420719
420731
420734
420736
420767
420778
420815
420830
420841
420895
420932
420933
420944
420961
420964
420974
420998
421015
421022
421024
421034
421048
421062
421070
421102
421103
421123
421203
421212
421215
421229
421234
421286
421299
421303
421317
421337
421346
421369
421372
421374
421391
421397
421439
421457
421463
421469
421535
421536
421568
421587
421631
421660
421675
421679
421693
421703
421729
421746
421767
421794
421799
421805
421874
421883
421894
421912
421945
422004
422032
422039
422046
422067
422073
422078
422131
422190
422221
422240
422247
422286
422287
422307
422308
422310
422340
422348
422350
422352
422358
422363
422374
422421
422423
422435
422448
422456
422468
422486
422488
422500
422526
422533
422559
422560
422579
422596
422606
422615
422654
422680
422687
422711
422712
422720
422750
422768
422771
422790
422804
422829
422832
422842
422851
422853
422854
422903
422906
422956
422989
423049
423061
423066
423085
423093
423134
423201
423217
423240
423277
423283
423285
423288
423296
423312
423325
423329
423332
423342
423411
423415
423418
423483
423534
423543
423574
423608
423627
423628
423642
423649
423665
423706
423719
423723
423747
423813
423825
423839
423904
423908
423909
423911
423927
423928
423937
423957
423962
423975
423989
424011
424012
424048
424054
424091
424123
424156
424177
424188
424227
424232
424233
424248
424251
424252
424260
424275
424283
424284
424295
424302
424369
424389
424395
424404
424422
424460
424471
424519
424555
424572
424588
424612
424619
424632
424638
424665
424693
424696
424700
424723
424727
424731
424754
424785
424798
424803
424826
424851
424853
424877
424951
424964
424986
425039
425142
425148
425156
425170
425176
425192
425221
425259
425327
425337
425339
425348
425359
425367
425374
425379
425385
425394
425408
425423
425433
425450
425456
425473
425488
425494
425495
425525
425535
425551
425560
425584
425610
425615
425634
425648
425666
425668
425673
425679
425718
425764
425770
425773
425783
425798
425807
425816
425848
425859
425871
425873
425892
425898
425900
425941
425976
425981
425997
426001
426013
426034
426046
426055
426066
426083
426084
426122
426127
426174
426176
426188
426190
426232
426274
426280
426289
426300
426347
426353
426369
426398
426448
426455
426457
426471
426472
426480
426485
426508
426510
426521
426587
426696
426704
426705
426710
426754
426797
426833
426839
426840
426873
426875
426878
426891
426929
426959
427010
427066
427091
427105
427134
427151
427173
427241
427283
427293
427298
427309
427347
427358
427375
427384
427407
427441
427448
427465
427478
427490
427511
427518
427534
427565
427609
427628
427650
427654
427664
427674
427677
427690
427767
427791
427799
427804
427814
427815
427837
427856
427951
427987
427994
428016
428023
428055
428090
428142
428155
428161
428202
428209
428265
428278
428285
428334
428340
428344
428348
428373
428400
428412
428424
428442
428453
428486
428520
428527
428585
428600
428620
428623
428639
428646
428681
428698
428706
428716
428719
428740
428763
428769
428777
428789
428792
428800
428849
428855
428869
428871
428873
428874
428892
428934
428985
429051
429074
429092
429105
429117
429119
429126
429129
429135
429144
429147
429213
429235
429256
429259
429261
429267
429274
429289
429310
429323
429336
429362
429370
429450
429468
429478
429485
429487
429530
429563
429578
429589
429598
429613
429615
429622
429628
429652
429693
429700
429729
429739
429754
429762
429794
429822
429831
429832
429846
429888
429897
429910
429955
429993
430012
430029
430030
430044
430060
430075
430082
430085
430091
430151
430215
430289
430293
430309
430330
430375
430390
430392
430410
430418
430427
430428
430429
430464
430481
430496
430500
430507
430524
430534
430570
430578
430593
430622
430643
430678
430751
430777
430787
430837
430863
430867
430873
430899
430905
430987
431009
431047
431075
431106
431113
431141
431149
431166
431233
431268
431282
431313
431328
431391
431418
431423
431433
431491
431497
431536
431558
431566
431585
431607
431613
431615
431626
431705
431711
431716
431725
431734
431743
431795
431796
431807
431870
431913
431918
431981
432014
432051
432057
432081
432086
432097
432112
432130
432137
432188
432199
432208
432280
432281
432287
432291
432314
432359
432362
432366
432368
432373
432383
432388
432404
432424
432432
432433
432454
432455
432456
432460
432466
432493
432503
432509
432524
432532
432544
432545
432626
432639
432663
432704
432742
432768
432820
432840
432845
432854
432855
432861
432863
432883
432921
432939
432983
432992
433038
433041
433044
433057
433142
433211
433224
433240
433255
433264
433268
433295
433296
433301
433347
433356
433366
433403
433405
433417
433419
433446
433451
433466
433480
433483
433530
433531
433541
433547
433561
433571
433579
433596
433616
433629
433667
433749
433751
433762
433792
433807
433813
433905
433937
433959
433977
433983
434011
434013
434023
434054
434057
434085
434089
434095
434123
434134
434137
434140
434141
434145
434152
434171
434179
434193
434209
434218
434220
434233
434271
434283
434289
434297
434361
434368
434376
434386
434393
434394
434400
434408
434424
434452
434462
434502
434503
434541
434543
434547
434550
434586
434589
434600
434611
434614
434616
434636
434640
434642
434653
434658
434662
434674
434675
434683
434698
434777
434799
434801
434806
434809
434862
434863
434914
434920
434952
434970
435019
435029
435049
435076
435118
435129
435156
435192
435202
435259
435265
435283
435306
435312
435336
435365
435383
435389
435403
435408
435465
435467
435489
435518
435594
435595
435605
435607
435618
435620
435639
435647
435666
435700
435743
435745
435748
435756
435784
435793
435810
435865
435866
435897
435907
435927
435960
436013
436053
436054
436085
436094
436096
436103
436117
436157
436181
436186
436308
436345
436401
436404
436410
436413
436433
436446
436461
436502
436511
436523
436529
436541
436555
436624
436635
436638
436667
436730
436780
436803
436849
436870
436872
436882
436935
436944
436947
436969
437001
437018
437019
437020
437024
437056
437088
437167
437169
437173
437216
437270
437276
437290
437293
437294
437311
437327
437336
437343
437358
437372
437373
437425
437433
437477
437505
437536
437538
437554
437559
437572
437573
437590
437595
437597
437606
437671
437710
437722
437774
437790
437803
437805
437835
437929
437985
438054
438080
438150
438200
438234
438241
438244
438251
438255
438261
438280
438286
438303
438319
438438
438454
438461
438464
438478
438486
438509
438520
438526
438587
438593
438629
438657
438660
438691
438707
438753
438762
438789
438796
438858
438863
438899
438931
438955
438956
438965
438972
439008
439011
439019
439062
439070
439104
439111
439132
439134
439139
439145
439154
439156
439170
439226
439238
439249
439260
439279
439334
439342
439344
439363
439394
439409
439411
439416
439436
439441
439466
439473
439488
439493
439502
439508
439509
439514
439518
439527
439542
439551
439567
439570
439600
439606
439622
439633
439701
439710
439739
439791
439816
439821
439829
439840
439861
439894
439900
439912
439937
439999
440001
440009
440051
440052
440084
440103
440148
440176
440262
440299
440308
440333
440361
440385
440390
440423
440427
440511
440627
440632
440636
440637
440702
440707
440719
440752
440785
440812
440878
440881
440902
440910
440916
440953
441006
441022
441032
441067
441091
441108
441128
441135
441147
441164
441168
441170
441246
441248
441258
441281
441286
441293
441303
441305
441315
441328
441381
441393
441404
441435
441453
441502
441548
441565
441582
441584
441589
441596
441602
441607
441647
441659
441665
441681
441684
441699
441732
441769
441791
441792
441869
441878
441923
442012
442021
442030
442073
442088
442091
442105
442111
442129
442132
442134
442140
442193
442194
442229
442248
442279
442326
442357
442370
442376
442426
442436
442448
442471
442548
442554
442575
442644
442647
442665
442670
442694
442707
442711
442743
442745
442753
442762
442774
442793
442794
442798
442818
442846
442947
442957
442962
443005
443035
443039
443072
443086
443137
443150
443169
443178
443183
443197
443225
443232
443250
443268
443287
443303
443319
443323
443402
443439
443542
443558
443561
443619
443680
443710
443724
443733
443794
443827
443832
443848
443860
443861
443872
443893
443932
443935
443937
443993
444011
444049
444080
444107
444120
444155
444191
444202
444203
444222
444223
444225
444258
444273
444277
444283
444336
444396
444402
444414
444415
444448
444473
444488
444532
444581
444636
444643
444654
444689
444691
444701
444754
444791
444828
444845
444908
444917
444935
444940
444945
444948
444971
444992
445034
445038
445067
445088
445105
445108
445156
445167
445211
445235
445237
445300
445304
445354
445362
445367
445403
445410
445433
445449
445482
445485
445488
445508
445509
445538
445546
445566
445580
445686
445705
445728
445758
445772
445777
445791
445818
445876
445881
445893
445895
445903
445920
445930
445980
445997
446018
446034
446046
446089
446092
446100
446154
446155
446158
446169
446174
446180
446185
446211
446216
446261
446283
446288
446316
446349
446353
446410
446411
446420
446450
446495
446512
446514
446521
446536
446602
446637
446698
446714
446735
446757
446764
446782
446808
446820
446840
446863
446874
446878
446897
446913
446939
446945
446951
446955
446980
446998
447019
447030
447032
447047
447080
447100
447146
447211
447237
447279
447311
447340
447354
447359
447376
447379
447383
447388
447392
447405
447432
447433
447508
447544
447545
447592
447612
447624
447627
447648
447650
447701
447718
447744
447783
447798
447836
447853
447855
447866
447921
447940
447945
447970
447974
447987
448044
448075
448079
448089
448090
448122
448150
448160
448242
448273
448285
448301
448325
448329
448339
448340
448360
448387
448422
448424
448441
448456
448465
448484
448506
448518
448522
448528
448529
448531
448540
448572
448597
448624
448629
448637
448690
448691
448695
448712
448725
448794
448805
448841
448845
448885
448894
448897
448943
448995
449001
449034
449054
449059
449083
449089
449094
449134
449139
449175
449186
449215
449281
449296
449298
449316
449326
449356
449370
449376
449409
449444
449451
449470
449490
449494
449504
449520
449521
449525
449537
449539
449550
449553
449573
449581
449611
449619
449625
449643
449649
449669
449706
449707
449749
449761
449802
449846
449875
449903
449917
449922
449944
449959
449967
449977
449984
450028
450031
450033
450037
450099
450123
450127
450214
450237
450275
450308
450326
450337
450344
450347
450366
450410
450411
450444
450448
450449
450452
450481
450514
450522
450590
450601
450658
450682
450686
450698
450728
450735
450766
450782
450793
450794
450802
450887
450917
450927
450930
450934
450990
450994
451002
451008
451019
451020
451030
451044
451048
451053
451157
451223
451227
451243
451249
451250
451273
451298
451315
451386
451398
451447
451451
451530
451543
451544
451597
451616
451660
451665
451714
451731
451747
451750
451805
451839
451844
451855
451856
451867
451875
451898
451903
451970
451974
452036
452046
452062
452083
452118
452141
452154
452174
452176
452223
452230
452246
452255
452282
452290
452331
452340
452342
452468
452474
452508
452515
452532
452537
452538
452571
452589
452650
452653
452660
452703
452708
452730
452757
452781
452831
452840
452845
452848
452858
452865
452866
452879
452888
452898
452943
452967
452968
452974
452988
453027
453032
453043
453082
453094
453116
453125
453137
453148
453151
453215
453219
453237
453258
453272
453276
453371
453395
453404
453441
453443
453478
453490
453510
453539
453620
453625
453677
453690
453743
453760
453772
453792
453793
453799
453805
453811
453824
453842
453849
453850
453860
453868
453897
453902
453917
453933
453942
454009
454023
454033
454037
454054
454070
454072
454074
454124
454139
454174
454191
454197
454204
454248
454251
454266
454288
454306
454350
454358
454371
454374
454383
454391
454399
454437
454446
454516
454525
454538
454540
454551
454579
454581
454605
454618
454659
454674
454690
454693
454733
454743
454746
454788
454822
454836
454874
454890
454929
454942
454978
454981
454983
454985
455000
455016
455017
455031
455061
455067
455081
455087
455095
455098
455104
455133
455151
455152
455166
455177
455181
455208
455218
455239
455272
455319
455332
455342
455343
455393
455408
455416
455444
455446
455447
455450
455544
455583
455584
455586
455610
455615
455628
455661
455677
455739
455776
455777
455803
455925
455941
455965
455978
455992
455994
456016
456041
456044
456056
456065
456079
456110
456122
456183
456198
456204
456237
456238
456244
456269
456295
456306
456315
456323
456332
456333
456335
456339
456367
456382
456407
456445
456455
456457
456467
456485
456501
456523
456553
456616
456630
456710
456717
456756
456806
456857
456876
456904
456915
456916
456918
456983
457041
457103
457123
457124
457129
457131
457145
457152
457232
457260
457272
457315
457316
457329
457334
457345
457371
457376
457394
457405
457410
457419
457431
457436
457438
457465
457469
457470
457510
457512
457518
457581
457583
457602
457616
457676
457711
457737
457744
457773
457789
457790
457819
457825
457832
457841
457851
457854
457890
457908
457929
457949
457953
457993
458005
458013
458033
458052
458053
458065
458077
458078
458102
458105
458116
458127
458128
458148
458177
458190
458202
458218
458232
458236
458253
458271
458299
458323
458341
458354
458442
458478
458488
458498
458506
458520
458565
458637
458652
458663
458681
458700
458709
458747
458750
458778
458828
458861
458971
458982
458996
459072
459110
459121
459132
459138
459144
459151
459167
459193
459196
459207
459226
459229
459263
459279
459285
459298
459308
459385
459444
459462
459471
459507
459523
459552
459611
459618
459636
459676
459698
459712
459722
459845
459860
459883
459908
459917
459931
459934
459943
459974
460001
460009
460080
460081
460083
460090
460115
460117
460129
460146
460296
460346
460348
460367
460407
460412
460435
460477
460486
460585
460600
460603
460606
460679
460680
460717
460727
460756
460760
460769
460771
460776
460813
460832
460845
460860
460877
460879
460898
460931
460939
460950
460960
460964
460970
460971
460974
461001
461037
461049
461051
461066
461090
461094
461097
461102
461117
461122
461181
461221
461235
461262
461287
461299
461303
461307
461308
461360
461369
461371
461374
461380
461410
461411
461434
461456
461479
461488
461495
461505
461562
461602
461625
461649
461655
461660
461665
461684
461686
461707
461749
461762
461778
461783
461820
461822
461844
461902
461903
461941
461946
461947
461970
461971
461978
461988
461991
461993
462016
462066
462068
462069
462071
462096
462103
462113
462139
462166
462168
462186
462211
462239
462273
462303
462307
462320
462344
462373
462388
462498
462532
462549
462557
462563
462576
462610
462614
462637
462674
462692
462704
462725
462727
462734
462761
462765
462821
462837
462850
462865
462871
462910
462925
462940
462971
462984
463013
463034
463076
463081
463089
463091
463119
463122
463184
463208
463235
463236
463258
463294
463320
463323
463330
463341
463392
463397
463400
463437
463442
463491
463529
463537
463545
463562
463572
463609
463618
463636
463671
463686
463719
463735
463749
463757
463787
463817
463839
463857
463863
463879
463955
464024
464026
464052
464057
464066
464081
464139
464155
464156
464173
464181
464199
464208
464213
464266
464269
464295
464303
464314
464328
464329
464331
464393
464415
464452
464455
464469
464475
464515
464518
464527
464532
464550
464586
464591
464604
464646
464681
464693
464757
464773
464822
464841
464849
464866
464871
464887
464961
464987
465010
465033
465050
465053
465056
465097
465103
465137
465150
465175
465187
465197
465202
465206
465214
465215
465268
465318
465358
465363
465369
465379
465395
465403
465426
465472
465480
465503
465505
465569
465621
465645
465667
465670
465673
465688
465709
465734
465748
465800
465803
465824
465832
465842
465868
465878
465888
465955
465993
466007
466024
466034
466047
466048
466049
466090
466099
466109
466118
466129
466160
466181
466184
466191
466196
466214
466215
466216
466225
466241
466258
466262
466339
466367
466402
466405
466410
466422
466451
466452
466482
466496
466503
466519
466543
466547
466572
466576
466606
466618
466636
466682
466687
466711
466735
466742
466751
466768
466778
466806
466818
466819
466864
466865
466871
466934
466949
466964
466984
467010
467030
467045
467094
467117
467123
467218
467266
467274
467281
467286
467287
467304
467329
467364
467376
467396
467399
467413
467423
467437
467464
467468
467479
467548
467549
467552
467556
467570
467579
467598
467658
467692
467705
467758
467802
467814
467841
467864
467879
467887
467891
467895
467903
467906
467913
467925
467930
467932
467941
467962
468029
468036
468127
468180
468199
468220
468226
468241
468253
468262
468279
468311
468316
468366
468369
468408
468417
468454
468480
468487
468512
468542
468545
468589
468592
468642
468684
468716
468727
468755
468761
468762
468812
468814
468868
468870
468877
468921
468923
468926
468927
468937
468951
468975
468985
468994
469008
469011
469018
469021
469026
469083
469143
469170
469199
469205
469271
469287
469292
469305
469332
469333
469348
469350
469376
469394
469412
469490
469493
469507
469547
469565
469586
469652
469698
469728
469738
469748
469831
469835
469892
469895
469902
469904
469943
469977
469988
470030
470034
470047
470112
470116
470120
470154
470179
470191
470193
470213
470217
470218
470235
470244
470255
470269
470281
470333
470341
470347
470361
470364
470387
470391
470395
470411
470412
470421
470427
470448
470501
470539
470572
470577
470589
470590
470596
470614
470636
470662
470672
470700
470724
470732
470793
470804
470812
470847
470850
470855
470880
470893
470895
470911
470978
471016
471055
471069
471089
471101
471103
471109
471111
471123
471149
471150
471161
471163
471192
471211
471224
471265
471268
471272
471275
471294
471344
471364
471408
471428
471508
471549
471552
471564
471577
471658
471720
471724
471739
471745
471761
471771
471810
471849
471857
471862
471866
471870
471900
471902
471930
471940
471970
471977
472026
472052
472053
472148
472161
472165
472173
472225
472238
472255
472274
472307
472334
472384
472388
472407
472421
472429
472432
472488
472499
472503
472504
472505
472516
472522
472526
472567
472582
472617
472636
472649
472650
472692
472700
472713
472720
472736
472749
472769
472804
472831
472914
472949
472980
473033
473038
473041
473047
473056
473081
473106
473252
473263
473287
473291
473318
473349
473355
473358
473359
473372
473375
473385
473387
473390
473396
473444
473456
473473
473511
473547
473562
473634
473646
473670
473677
473684
473745
473775
473778
473780
473786
473795
473807
473824
473827
473848
473851
473864
473894
473895
473906
473936
473958
473978
473979
474000
474014
474020
474026
474085
474125
474187
474198
474218
474226
474230
474260
474286
474296
474309
474317
474321
474351
474358
474362
474407
474440
474442
474464
474480
474492
474493
474498
474499
474500
474531
474541
474576
474577
474591
474606
474619
474633
474644
474683
474686
474751
474766
474768
474770
474791
474794
474845
474848
474878
474879
474883
474909
475039
475040
475041
475063
475093
475112
475114
475116
475145
475161
475182
475190
475194
475218
475222
475260
475263
475273
475274
475289
475303
475316
475326
475386
475406
475470
475481
475493
475498
475511
475627
475658
475710
475714
475719
475726
475749
475757
475811
475858
475866
475879
475895
475904
475988
475996
476046
476069
476088
476104
476115
476122
476123
476149
476171
476182
476217
476281
476283
476302
476318
476335
476355
476359
476382
476387
476400
476405
476408
476443
476450
476452
476454
476470
476471
476475
476488
476499
476547
476607
476626
476691
476695
476725
476753
476761
476777
476824
476828
476853
476889
476935
476948
476961
476984
476988
477012
477022
477034
477042
477084
477107
477207
477268
477309
477312
477326
477343
477359
477378
477390
477439
477444
477453
477455
477622
477626
477633
477701
477708
477741
477759
477777
477782
477791
477799
477805
477840
477861
477903
477927
477944
477960
477983
477993
477997
478019
478022
478059
478062
478095
478101
478107
478120
478131
478144
478154
478199
478208
478212
478220
478277
478330
478342
478370
478409
478417
478440
478472
478483
478485
478488
478526
478560
478583
478608
478616
478636
478643
478647
478663
478718
478724
478739
478744
478767
478768
478803
478814
478842
478859
478915
478948
478972
478983
479019
479020
479021
479025
479090
479093
479126
479128
479140
479184
479201
479245
479290
479310
479313
479331
479332
479341
479352
479360
479365
479390
479411
479431
479452
479481
479491
479500
479510
479517
479544
479573
479591
479605
479613
479614
479688
479717
479764
479815
479819
479876
479886
479900
479911
479918
479924
479936
479967
480020
480039
480073
480088
480096
480122
480132
480142
480143
480218
480227
480243
480251
480253
480267
480289
480333
480334
480354
480355
480362
480382
480392
480401
480408
480415
480442
480462
480470
480494
480521
480552
480570
480573
480586
480600
480606
480623
480679
480707
480708
480743
480777
480808
480817
480824
480828
480830
480834
480841
480907
480910
480948
480987
481002
481033
481057
481136
481138
481156
481203
481214
481263
481280
481305
481321
481374
481451
481468
481502
481518
481535
481538
481546
481547
481599
481632
481639
481651
481659
481675
481748
481756
481760
481830
481880
481881
481885
481897
481899
481935
481943
481967
481970
482061
482080
482083
482113
482115
482140
482199
482252
482261
482265
482266
482337
482352
482394
482412
482416
482445
482450
482459
482471
482493
482517
482522
482528
482534
482537
482581
482590
482591
482628
482649
482664
482667
482683
482703
482710
482748
482755
482766
482792
482797
482800
482808
482838
482843
482872
482974
482995
482997
483009
483013
483014
483028
483039
483086
483106
483122
483126
483134
483140
483165
483174
483178
483218
483263
483269
483277
483286
483326
483327
483330
483336
483363
483367
483375
483410
483417
483445
483449
483460
483461
483462
483475
483505
483563
483607
483686
483712
483741
483762
483780
483794
483826
483902
483955
483957
483963
484059
484123
484129
484135
484142
484182
484193
484211
484215
484339
484359
484368
484410
484413
484415
484437
484546
484558
484588
484637
484686
484700
484708
484730
484733
484760
484771
484817
484845
484890
484898
484960
484970
484998
485018
485023
485086
485087
485106
485143
485144
485176
485178
485206
485236
485240
485259
485275
485297
485344
485352
485368
485427
485428
485441
485455
485462
485467
485504
485539
485577
485582
485637
485718
485728
485755
485771
485777
485799
485809
485812
485835
485874
485948
485949
485993
486001
486019
486043
486053
486062
486084
486128
486133
486139
486156
486200
486219
486230
486242
486248
486254
486280
486288
486291
486309
486337
486361
486367
486396
486401
486404
486406
486430
486435
486436
486551
486568
486592
486613
486616
486641
486666
486685
486705
486710
486716
486733
486749
486788
486810
486860
486863
486864
486896
486906
486908
486925
486958
486965
486995
487009
487043
487153
487166
487175
487178
487189
487199
487203
487212
487244
487246
487278
487288
487291
487304
487317
487374
487387
487416
487417
487433
487447
487474
487477
487478
487501
487511
487515
487524
487571
487576
487613
487659
487707
487728
487747
487776
487805
487825
487880
487890
487897
487907
487940
487975
488017
488040
488077
488078
488091
488126
488127
488130
488132
488156
488235
488244
488289
488297
488351
488358
488442
488478
488487
488512
488517
488521
488542
488595
488641
488648
488690
488700
488725
488730
488757
488791
488799
488829
488854
488882
488892
488934
488942
488957
489010
489072
489129
489130
489157
489172
489173
489186
489205
489260
489262
489268
489304
489306
489330
489331
489346
489348
489368
489384
489415
489432
489450
489452
489460
489512
489527
489551
489556
489568
489588
489650
489674
489675
489682
489705
489708
489716
489758
489795
489808
489844
489855
489856
489890
489894
489916
489925
489952
489987
489990
490004
490009
490018
490023
490030
490051
490068
490081
490082
490088
490097
490098
490136
490148
490158
490162
490199
490225
490237
490282
490338
490365
490381
490417
490461
490491
490498
490524
490528
490546
490587
490610
490611
490616
490650
490652
490691
490695
490706
490707
490711
490730
490788
490792
490857
490864
490865
490874
490877
490884
490885
490923
490928
490950
491023
491042
491050
491060
491065
491138
491143
491145
491167
491196
491231
491241
491255
491258
491265
491274
491287
491313
491333
491341
491350
491368
491373
491388
491401
491402
491417
491425
491426
491427
491439
491446
491471
491480
491499
491508
491517
491532
491603
491620
491658
491707
491709
491730
491738
491740
491762
491788
491865
491871
491887
491889
491906
491946
491970
491980
491984
492008
492025
492043
492059
492062
492066
492078
492095
492119
492131
492134
492135
492137
492146
492165
492167
492211
492255
492257
492274
492275
492279
492294
492301
492303
492308
492340
492360
492361
492387
492401
492488
492496
492511
492514
492538
492571
492575
492619
492644
492652
492658
492664
492673
492721
492764
492794
492797
492818
492828
492832
492834
492861
492873
492875
492884
492891
492892
492939
492949
492952
492956
492963
492968
492969
492994
493031
493044
493059
493061
493067
493154
493188
493200
493214
493216
493217
493239
493242
493275
493334
493337
493405
493428
493429
493431
493534
493548
493556
493567
493620
493643
493717
493737
493743
493746
493761
493765
493790
493814
493822
493830
493906
493935
493937
493940
493951
493956
493981
493983
494002
494010
494018
494021
494092
494186
494191
494193
494259
494297
494299
494309
494314
494354
494373
494390
494405
494407
494410
494441
494460
494493
494524
494538
494541
494618
494637
494638
494648
494654
494710
494720
494755
494786
494795
494798
494824
494842
494847
494887
494919
494962
494981
494988
494998
495009
495020
495046
495048
495084
495092
495099
495141
495148
495186
495190
495207
495221
495240
495261
495276
495337
495351
495377
495399
495413
495423
495460
495466
495494
495504
495515
495518
495532
495541
495547
495582
495612
495625
495632
495693
495696
495719
495723
495787
495798
495802
495806
495836
495844
495869
495928
495939
495944
496018
496023
496038
496053
496057
496058
496091
496106
496116
496124
496168
496190
496195
496247
496270
496273
496285
496296
496320
496339
496347
496350
496357
496361
496365
496382
496410
496422
496441
496463
496470
496492
496525
496550
496562
496586
496599
496624
496658
496663
496667
496670
496696
496718
496775
496797
496823
496826
496834
496866
496885
496896
496901
496908
496935
496959
496974
497008
497020
497029
497054
497055
497086
497102
497114
497132
497136
497144
497147
497191
497229
497236
497284
497285
497298
497301
497345
497361
497366
497412
497418
497442
497443
497444
497456
497511
497513
497528
497530
497542
497600
497606
497607
497623
497625
497655
497659
497686
497694
497698
497706
497717
497845
497855
497869
497879
497906
497912
497922
497979
497990
497992
498010
498032
498053
498054
498055
498070
498076
498099
498151
498178
498205
498215
498216
498246
498251
498262
498295
498307
498335
498367
498368
498376
498378
498424
498434
498445
498481
498486
498504
498522
498531
498547
498557
498582
498589
498609
498628
498630
498637
498650
498653
498660
498667
498713
498751
498763
498764
498821
498824
498846
498872
498875
498913
498940
498983
498985
499032
499050
499075
499120
499130
499173
499177
499181
499210
499226
499261
499275
499280
499309
499320
499323
499341
499361
499365
499366
499444
499445
499451
499465
499472
499500
499502
499534
499550
499557
499576
499643
499653
499690
499693
499696
499713
499745
499788
499808
499868
499951
499957
500011
500018
500083
500098
500113
500134
500145
500153
500219
500239
500246
500252
500259
500273
500284
500289
500303
500307
500346
500383
500395
500402
500426
500438
500507
500522
500523
500537
500549
500555
500592
500670
500686
500690
500696
500723
500732
500738
500743
500768
500789
500800
500803
500812
500814
500823
500827
500842
500847
500872
500882
500888
500912
500941
500989
501035
501059
501097
501101
501127
501135
501159
501160
501188
501196
501241
501257
501278
501323
501422
501425
501443
501473
501480
501497
501498
501508
501516
501535
501541
501586
501664
501680
501721
501733
501764
501767
501783
501795
501837
501846
501857
501859
501863
501897
501933
501960
501964
501981
501999
502004
502023
502048
502062
502066
502077
502078
502109
502111
502121
502174
502190
502207
502212
502239
502252
502259
502280
502305
502310