300727
301487
301577
299818
301738
301642
300171
299702
301377
300852
302092
301914
300140
300556
299955
299933
299957
300098
299582
301546
301175
301909
301730
301476
301390
302347
301089
299057
301503
301835
301597
300544
299092
302382
302044
301601
299330
299611
299943
300807
300011
300914
299516
301676
300885
302355
301913
301963
302100
300569
300523
299816
300293
301122
301833
301455
301503
301977
301343
299071
299232
302047
301968
300055
299081
299771
302333
300491
299984
299291
301317
301875
300932
299587
301246
302213
300248
301832
299706
301068
299886
300997
301312
300487
300325
300510
300231
299701
301413
299360
299730
299404
302363
302172
300109
301662
301827
299751
299578
300246
301352
300334
299482
301611
301306
301560
299881
299655
301254
301304
299511
301543
300127
302239
302243
300008
300914
300990
300610
300448
300676
301082
300074
302176
302144
301529
299579
299616
301477
299510
302283
302190
299286
300871
302354
300299
302362
299199
302069
299151
301275
300139
299448
299443
302363
299331
300997
301891
299794
300759
300805
300333
300842
301573
299319
301171
301222
301294
302125
300634
302257
299156
300412
302248
299293
302141
300521
300646
299892
301399
302082
300468
302352
299438
302242
299664
301229
299141
300683
300833
299699
301294
300044
301431
301956
302361
302136
299394
299941
301058
300904
301628
299104
300292
300644
299849
301480
300681
302350
302258
299332
300743
300685
299666
301170
301485
300971
301058
299125
299209
299306
299630
299417
300925
300260
299103
300018
300524
300372
301008
299191
299733
299557
299241
302216
301839
301991
299376
300875
302031
299844
301396
301351
300735
300670
299163
300909
300900
301291
300092
302357
299755
301010
300775
300547
301134
301922
300520
300014
300867
299623
300302
301107
301803
302069
301086
302190
300765
300732
302389
299492
301161
301113
301583
300200
299793
301074
302298
301959
301308
301967
302258
299692
301893
301581
301659
301519
299390
299294
300047
299491
300586
299339
301001
299472
300907
299537
299511
301693
299678
299204
299088
301833
299284
302365
299099
302029
299859
301972
299591
302240
299868
300388
299226
301916
299737
300325
299499
300078
300644
299311
301207
299714
302040
299842
302014
300765
301881
299510
300136
299949
301589
300785
301312
299945
299774
300419
301033
301713
299603
299984
300438
301569
301863
302105
302162
302357
300917
301735
301117
300945
301541
299689
299123
299070
302334
301428
299920
302101
301769
300927
301710
301916
300334
299395
302394
300085
300925
301867
302007
301577
300490
300385
301927
300158
300630
300595
301299
301838
300734
300633
301097
301435
300793
300130
300093
301806
300650
301252
301531
301949
299423
300499
299985
299354
301904
300012
301621
299872
300382
299490
302221
299479
300539
299264
300707
300852
301940
301828
301727
300683
299661
301794
300896
299666
300772
301964
301659
301807
301199
301187
299959
301370
300715
299086
301812
301576
299532
301193
300451
302336
299580
299322
299604
301357
300788
301981
299744
299414
302403
300071
301103
300590
302088
300697
299452
301440
300563
300039
300772
300637
302122
299327
302332
299185
300336
299362
299618
301095
299985
301529
300630
299680
299653
300006
300070
301154
301164
300913
301841
301097
300071
300351
300415
299133
299432
300986
299433
301498
299635
300512
300631
299271
299759
302335
301307
299473
299046
299941
300335
301435
299719
299799
301805
300612
301246
302054
301365
301709
301427
299474
302069
299237
301986
301780
301714
302262
300074
300315
301073
302032
299815
299369
300733
302105
301696
300975
300737
301697
299568
299308
299319
302126
300515
299146
299525
301454
300619
299307
299403
300217
299346
299056
300196
300743
300855
300589
301875
301427
299089
299986
301753
299947
301737
302278
301557
300002
299406
300445
301480
299240
300917
299108
302078
299654
299564
299565
299697
299639
301904
299328
299188
299654
301454
300587
301779
301765
300338
301398
299870
301691
299930
301388
300273
301351
302068
299574
300535
300353
299290
302212
302145
302067
300861
299915
302338
299608
300858
300620
300218
301353
301533
301821
302279
300865
300268
301015
300028
301883
300847
299822
301524
301532
300025
301245
301420
301343
300999
301533
301484
302343
300069
300648
299847
299597
301305
301170
301373
302286
299739
299443
301130
301570
300479
302329
299547
299108
300797
301505
301959
301752
300079
301559
301732
300957
299415
301944
299116
301073
301504
300580
299420
300355
300061
301625
301724
299627
299924
301137
300943
301823
300128
301985
299485
300551
300688
301598
299969
300344
299787
299411
299057
302102
301466
300554
299370
300967
300829
301474
300837
300786
301666
301056
301977
300750
302093
299121
299828
301995
299078
302141
299381
299767
301042
299844
299444
300722
300895
302320
300306
302407
302363
299847
301641
299569
300862
301133
299225
299189
299741
299799
299399
302390
300614
302109
299148
302227
300879
302137
300135
299265
301782
300258
299213
301010
300431
302221
302156
300342
300598
299579
301795
301189
301429
301980
301349
302220
300588
299519
301926
302286
299990
299953
299542
301053
301339
300806
299996
300942
300749
299256
299621
300834
302267
299331
299091
299589
299978
299212
301577
300530
299675
299727
301327
300632
301956
300842
300098
302134
301378
300677
302152
299932
301877
301526
301899
299703
300083
301387
301333
301951
299546
301453
301289
301039
299285
300384
301245
299186
300310
301651
302309
300132
299418
301993
301990
301936
300491
300118
301713
301143
299966
299129
299115
299240
299971
301960
301745
302189
300580
299262
299242
301093
302039
301077
300210
299747
301481
301728
299824
301248
300399
300038
301690
300906
301744
299814
300483
299285
301215
300665
301438
299864
299308
299620
300060
301066
301163
299654
301163
300934
299747
299672
301692
302110
300423
300851
300580
300621
301624
301442
299539
300148
299235
299991
300112
301505
301235
301948
302047
301048
300669
301255
302384
301205
302400
301502
299458
299705
300782
301593
302162
301518
299103
299317
299756
302007
300245
301061
299352
300566
299885
302066
301981
299231
299327
302025
300961
302149
299055
301494
299812
299861
302385
300985
299555
302176
299406
299205
300298
301850
299746
300955
302270
300086
299656
300725
300395
302190
300387
299676
299538
299483
301999
302037
299259
300106
300582
299359
300065
299878
299451
300857
299721
299150
299535
300627
299551
301344
300460
300271
302339
302084
301849
302218
299980
302249
299596
301156
299417
300538
299122
299788
299221
299368
300014
299537
299144
301031
302075
301192
300359
301943
301619
300219
300872
302099
301111
299321
299705
300151
301685
300933
301233
299418
301779
301974
299896
302046
300793
300344
299054
300348
299389
300620
300499
299077
300557
301977
301407
301985
301076
299937
300407
301455
301740
299239
302060
302359
300193
299291
300440
300345
299969
301410
301998
299206
301746
300340
299618
299490
300344
301495
299765
299433
301857
301991
300330
300946
299680
299748
300194
299268
301639
300133
302088
302018
302096
301568
300797
300720
300761
301826
301470
301301
301774
302048
300677
302181
301720
299238
302209
299160
300540
300291
301567
300241
302295
300520
301873
299944
299453
300102
300546
299988
300384
301797
302087
302108
301194
301767
299577
300415
299937
300744
301880
300342
302169
301566
302253
301740
299298
299648
300335
300468
299391
301569
301813
301106
300885
299081
301359
301087
301365
300984
301543
299745
299644
301865
301316
301619
299485
299681
301575
300277
301040
302366
299877
299062
299889
299606
301720
302074
300033
300992
302272
299678
301888
300033
299787
300163
300280
300189
301331
302014
299944
301924
302084
300469
299798
300867
299197
299844
302042
301679
299299
299823
302246
300123
301132
299396
300708
300816
300622
299750
301321
299113
299868
299917
301831
301000
301972
301626
299215
302334
299847
299561
299252
301355
299114
299576
302338
300163
299390
299732
299522
300691
301282
301153
302015
301547
299556
301675
301172
299673
302015
300774
300303
300929
299139
300553
300605
301604
299705
301035
302012
301071
301787
301595
301718
299739
300223
299541
302224
302134
301682
301587
299478
302123
301421
300725
301840
301126
300740
299192
300000
299797
299102
300399
300269
302330
301484
301586
300100
300459
299366
301664
301730
301580
299134
300562
300363
301044
302126
302141
300644
301222
301582
302335
300204
300015
299514
302287
301744
300502
301098
301368
301088
300794
299731
299682
300222
300018
302163
299932
300747
301387
302334
299568
302197
300608
301061
299755
301237
299266
301337
300566
301797
301465
301356
301421
299274
300399
301576
299705
300331
300037
300344
301740
299373
301304
300963
299497
299427
300325
300676
301878
302085
299881
301137
300949
300807
299470
299096
299201
299951
301762
300457
300306
299937
299880
300751
300305
300185
301332
300180
299989
301943
300319
299786
299312
301385
301894
300919
302068
299655
302274
301935
300561
299777
301627
299229
300868
302215
299375
301730
302336
301295
301769
302251
299171
299245
300607
301955
299956
299751
299529
299105
299657
300771
301360
299495
300118
299825
301212
299457
300107
301094
301385
299438
300740
299739
299787
300839
300379
299544
301952
301637
299277
299135
301666
300726
299813
300053
300400
300373
299236
302209
302245
299397
301798
302355
301859
299834
301825
300337
300650
299472
302182
301489
302167
301731
301001
301932
300636
299587
300372
301667
301098
299368
301438
301670
301714
300526
300304
299177
299229
300993
299867
300674
300032
300728
300789
301683
300440
300128
300503
299342
300031
301096
300334
300623
301597
299704
301619
301097
300299
301860
302220
301653
302082
302270
300164
300355
301616
300222
301040
301897
301511
299368
300178
301685
301946
299057
299683
299209
300976
300404
299608
301121
300187
301589
301485
300078
299370
300803
302368
302153
300538
300436
300086
302098
301908
302216
300854
299656
301093
300301
301308
300936
300107
300895
299129
301162
301403
302030
299457
301498
301074
299373
299372
299570
300514
300397
299735
301627
300868
301390
299953
302138
301646
301232
301516
299208
301902
299728
302307
299491
300190
301562
302285
300309
301308
299909
301751
299554
301627
299864
301019
302121
302185
300148
300770
301931
299810
300446
299238
299838
301349
299681
301098
300294
302002
302370
300274
299479
301961
301905
299887
301128
300081
300104
300649
301876
301162
301964
301555
301745
299204
301112
301733
302210
300403
299803
301517
300354
301097
299343
300598
301171
301317
300060
301926
301700
300402
300814
301771
300876
300143
302035
299585
299711
299248
300057
299997
300891
299895
300141
299916
299055
299109
299632
300398
300936
299299
301574
299773
300804
299321
301622
302363
300770
300807
300241
301186
299752
301032
301770
299844
300912
300735
301756
300399
301011
299493
299304
300728
299357
299785
300851
300452
300266
300519
299428
302153
299131
301842
301609
299713
301215
299743
301949
301525
301791
299549
300496
302320
300444
300118
301730
302177
299348
300983
300576
299339
301252
299565
301544
300065
299705
300485
300178
299046
302116
300865
299877
299059
300753
299856
299738
300060
300840
302076
299875
301592
301170
301490
299643
301287
301213
300522
301170
299896
300535
300557
302263
302404
300758
300981
302249
299268
302052
302286
300884
301566
299305
302249
299492
302151
301195
300602
302405
299111
302033
300316
301644
301108
299329
299796
301560
302031
302275
300068
302249
300034
299936
299111
301408
300743
299466
299417
301028
300696
302091
300827
301429
300111
302189
300239
299306
299723
301849
300353
300833
302006
299285
301369
302082
301969
302023
299912
301490
299835
301128
301564
299910
302109
301805
299437
301287
299303
300405
300503
299967
299758
300473
299256
302409
300316
300434
300380
300518
300282
299832
300285
300195
299921
301134
299166
300410
301998
300947
300091
300124
299284
299568
300649
299408
300569
300716
301400
301802
300387
299074
301066
300757
299488
299293
301160
299203
301788
302417
302163
301875
301861
299501
299635
301348
299163
302138
300009
300414
300562
302233
299355
299401
300884
301118
300950
300735
302238
301327
299892
299880
300899
300390
300257
299648
299895
301212
299081
301431
299629
301316
299652
301801
299142
300297
301503
301647
301053
300982
301075
301814
299737
301188
299074
299870
300035
299447
299545
299372
302213
302212
301943
302212
299479
301652
300813
301168
301041
299869
301191
301354
301042
301247
302151
302000
302357
300659
300614
301905
301213
300946
300944
300880
299833
300890
301831
302158
299705
299733
299067
299752
301227
299445
299361
301395
299790
300481
300809
299404
302233
299625
299940
299238
300481
299185
301063
301724
299713
302067
301424
299335
301955
299832
299394
300849
300989
299706
300901
300649
301645
299217
300656
302355
299795
301080
299632
301080
301540
299133
300282
301330
299782
302251
302382
301654
301715
301223
299413
301276
301994
300501
301519
299486
301016
301900
300834
300187
301785
301792
301676
301869
300661
299131
301859
302417
301146
299468
299211
299625
301592
300466
299812
300228
301921
300013
302117
302076
300535
300253
300859
299968
300191
299552
302204
302359
302213
300993
301215
299472
302377
299841
299704
301755
299710
300879
299328
300185
299956
301270
299331
300271
299851
299425
300394
302059
300255
299849
300043
300694
299676
301894
301848
299634
300508
300574
300930
302379
299609
299724
302198
302280
302193
299967
301646
300168
300410
300563
300263
301323
301549
301232
300991
302288
301204
302081
300299
300424
299845
301806
300233
302091
300933
302080
300789
301062
299969
300958
300627
301303
301372
301107
301621
301186
300587
301040
302313
299863
300216
300495
300516
301037
299127
301473
301984
301515
301544
299097
299547
299371
302173
300648
301725
301998
302311
301824
299441
301091
301781
301515
301904
299677
301236
299365
300016
299721
302114
302343
302021
302196
300230
301362
300307
300033
300168
300383
299338
300627
299886
299450
300881
301468
300453
301807
301721
300904
301483
301758
300885
299793
302249
300142
299560
301213
300645
301698
301360
301455
299227
301569
302262
301172
302263
300340
299120
301061
301196
301813
302022
300425
300801
300497
301531
301959
300504
300097
301997
300566
301606
301006
299277
299606
299157
300025
299385
301296
300295
300421
299099
299512
299519
300967
300846
300281
300301
299896
300632
300560
300934
301298
299462
300846
301825
299365
299291
301272
300314
301343
300709
299164
301253
301799
300620
299281
300003
301456
300902
300085
300882
302125
299616
300666
301568
300167
301481
299330
299139
301177
300982
301374
299812
300571
300264
299586
300891
300246
300105
299380
301333
299255
302395
300028
299680
299352
301586
300878
301967
301527
301622
301643
302293
301710
301739
301498
302334
299733
300425
302136
301039
299377
300438
300126
299365
301366
302354
300314
300717
299342
299815
299632
300280
300612
300777
299183
301213
299317
301832
301567
300486
299304
302097
299073
300971
299755
300037
302356
299982
301558
299055
299410
302366
301100
299138
299377
300352
299529
302197
300694
301001
299835
300310
301405
301627
301832
300594
300008
302414
300335
299385
299649
300245
299425
300961
302127
302341
302412
301250
299755
300419
299510
300917
301294
301756
301245
302339
300857
300154
301425
300412
300457
300048
302026
302397
300434
301666
301457
301843
302305
300128
301257
301578
299723
301188
302002
300337
300080
300633
300654
299824
300763
299285
300117
301269
301557
300061
301297
301853
299428
300196
302385
299833
302284
299083
300445
299670
300541
300464
302390
301917
299725
302194
300048
300260
300078
302411
300928
301931
301070
299931
301271
301732
299142
299316
299485
302405
300187
299990
301467
299110
300221
299267
299970
301395
299716
300594
299238
302158
299935
300058
301259
300658
299979
302230
300443
299721
300594
300728
301679
300263
301710
302231
299894
300284
302344
302316
300543
300254
301004
301976
302033
300694
301632
300845
301975
301814
299981
301931
302043
301920
302271
301810
300981
300061
301320
301458
302416
301329
299208
301096
301821
301498
300963
302265
302025
300913
301841
300908
301020
301649
299843
301973
300912
302101
301353
301554
300356
301293
299437
299176
299521
301324
299440
300680
302032
299259
300758
299354
300348
300537
299931
301220
301610
299808
302286
299474
299666
299883
302285
302093
301655
301851
300256
299315
302250
300101
300635
299215
299734
300638
300078
300564
301693
301447
302150
300450
299702
299062
300533
301275
301599
301923
299811
301189
301172
300551
302132
299647
299362
299875
300942
299883
301757
299814
301520
300123
301845
300003
301619
301088
299138
301187
299938
301549
300619
302336
301819
301207
300509
302095
301317
302321
299069
299825
301118
299698
301193
300035
300318
299426
300164
299783
302271
299566
301715
300393
300681
301407
300239
300728
299444
302374
302099
301923
300412
302416
300907
300984
299663
299789
300781
301081
301363
301813
300831
301207
299447
302255
300911
301839
299569
299401
299050
301737
299791
301600
299692
299945
299403
300509
300441
301571
300825
301554
300876
300263
302380
299153
299734
301655
300398
301904
300411
300391
300445
300967
299517
300332
299379
301995
302197
301276
299495
299629
299795
301553
301248
302332
300908
300734
301347
299391
300109
301750
301319
301327
299063
301135
300075
302353
301750
299178
300112
300988
299238
299505
299947
299323
299790
299832
300900
300127
300715
301220
300060
299907
301732
302313
299813
301863
300435
299319
300772
301250
301925
299525
299546
301692
300704
300066
299250
299091
302287
299250
300432
300109
301203
299950
302092
302353
300006
299164
301926
302070
299725
300239
299429
302257
302045
299940
300089
302368
301478
301280
299150
299609
301018
301877
300883
302171
300385
302118
302316
302142
301001
300036
299719
300656
300701
301211
302196
299758
302331
301753
301697
302061
299487
299519
301552
300110
300087
300158
300012
300087
301930
302404
299263
300917
302322
301791
301212
299110
299440
300813
301621
300724
300305
299319
301289
299735
300187
299752
301906
300533
300185
299332
301899
301620
300741
300178
301276
301586
300859
301660
301383
299343
302344
300588
301059
302227
299214
299164
299264
302347
299595
301728
300798
301362
299523
300178
300515
301439
299050
300766
301536
301221
300897
299145
300203
302362
299209
299623
300469
302030
300415
299807
299523
300151
300751
299416
300880
302166
302176
302106
301872
300654
301351
300546
299726
302270
299569
301161
299665
299254
301752
300815
301559
299843
299217
299940
300374
299498
301044
301803
300040
300117
300046
302084
300156
299493
301105
300385
302140
300934
301365
299641
299453
299785
299223
300306
299978
300618
301199
301718
300160
300641
299956
302168
300456
299727
299093
300041
299519
299839
301208
300065
299613
301679
299812
301501
299668
300050
300794
301353
302357
301498
299828
300925
300893
299522
299482
302118
299104
299373
299793
301602
301659
301279
300172
300964
300766
301565
301104
299485
299633
299216
299684
300636
299587
301814
301509
299375
300735
299273
300808
299442
300294
300160
299530
300812
299179
300412
299413
299693
300725
300395
302410
299407
302197
300305
299918
299063
302087
300752
300966
300780
300191
301377
302235
299089
299917
300240
299977
300861
300625
300441
299696
301085
300878
299856
301565
301401
301863
301303
301566
302033
300573
300915
300802
301091
299664
300896
300842
301361
301906
301162
301465
299840
300243
302084
302190
301592
300183
299144
301693
301394
300964
299466
300705
300050
299879
299749
300354
302162
299590
301934
301981
301698
300062
301680
300007
299140
302296
302131
299866
300233
302017
299750
299347
299684
300003
299525
301802
300768
300772
299127
299225
299239
299426
301922
301814
301571
299099
301052
301470
299289
301010
301039
301439
300060
301742
301217
302206
301515
299163
300794
301063
301819
299536
302265
302246
300826
301887
301868
301733
301822
302142
302340
299229
301484
301117
301924
299241
301744
301706
299805
301770
299273
301128
300817
299716
301142
300549
301635
300861
300643
301991
302274
299295
301022
300341
302409
300200
301549
300110
299991
301814
299273
301994
301087
299705
301135
301835
299481
299851
300924
301626
302115
302130
299253
302293
300834
301518
301735
299209
300128
300013
301347
301652
299441
300502
299139
302049
301714
300421
301773
300256
302227
299826
299624
302151
300982
300373
302251
300056
302040
300760
301989
300481
299551
299309
300542
300875
299347
299129
299511
302033
301408
301278
301360
300139
299757
299352
302016
299432
301415
299662
299971
302233
299387
301681
299767
301383
300897
299763
301592
300666
299592
302125
300039
301406
302000
299212
299649
302053
302093
301698
301589
300711
302341
300862
301208
301563
301791
300032
300313
302048
300664
299235
301953
299597
301561
301020
299590
300139
300138
299644
301384
301737
299060
300786
300163
301678
300364
300740
299538
299207
300195
300033
300540
300532
300212
302406
300571
301232
300353
301984
300576
300386
302383
299812
301188
299140
302174
302070
301117
299787
299120
301236
300907
301667
299863
300189
299358
301651
299057
300644
302240
301768
302215
300917
301735
300377
299276
299504
300308
300703
301371
301157
300297
299899
301897
302037
299646
301625
299784
300158
300389
301495
302250
300664
301375
300645
300090
301037
299773
299599
302213
299983
301010
300750
299602
300624
301123
300567
300820
301549
300911
301513
300455
299664
299067
300146
300117
301394
300432
299162
300848
302124
299173
301230
301515
301622
302140
300863
300530
301715
299072
302376
299798
301677
301014
300639
300132
301958
300619
300270
299438
300383
301319
300022
299420
299297
302044
299513
302167
301888
301451
300998
299710
300056
301094
300752
299879
301683
299942
299976
299072
299799
299677
299514
299933
299983
301288
299881
300928
300240
300621
301227
300301
301362
302197
300812
300993
301119
301405
300642
300865
299524
300537
300837
299663
302148
301104
301394
300406
301627
302298
302271
301375
300347
299527
300669
300486
301062
302316
299999
302395
299709
299133
301978
300540
299682
300298
299381
302083
301279
299280
301308
302335
301437
299486
299143
301736
302148
300358
301687
301965
301073
300400
301758
302271
299844
299867
299220
299093
300767
299659
301082
300683
300205
299617
300829
299310
300863
302354
300429
301793
302402
300407
299571
301220
299934
299653
301594
302285
300344
301722
301456
301755
300898
300848
299920
301200
299290
300144
301362
301862
301902
302068
300614
300756
300183
301639
301081
301907
299087
300195
301372
301415
299796
301181
302027
300442
299672
301450
299904
301744
299742
300371
301419
299395
300959
301196
299884
299998
301274
302205
300012
302222
300357
300728
301295
302071
301940
301811
299823
299242
301801
299167
299468
302139
299576
300345
300937
300225
301208
299652
301076
299656
302142
300386
301187
299099
300026
300065
300290
300425
301203
301589
299283
299323
301505
302028
299490
300904
300683
300448
302148
301585
301338
300563
299726
300077
299453
301727
299216
299725
299356
300261
299154
299281
300560
301266
302369
301269
301826
302163
300350
301196
301543
300452
300816
301853
301241
299571
299855
299273
301416
301131
302383
302417
300353
302040
299324
301858
302147
302026
299789
301158
300954
299609
301513
300516
301563
299784
301265
300603
299472
302305
299465
300367
299568
300522
299521
301651
301010
301856
299755
302017
302382
301384
302396
301450
301327
302299
301217
301869
299440
300022
300996
301461
301117
300141
300917
300898
301243
302180
301883
301517
302229
300996
299368
301152
300680
301566
300063
301821
300555
300669
299550
301038
300300
302176
299490
301203
300021
301035
301556
302333
301144
301337
300504
301841
302156
301721
301641
299612
301203
301316
300525
300957
299497
302194
301954
300303
301859
301701
302061
302141
299089
299161
299052
301778
300622
300853
301290
301016
301224
299226
301536
300436
301364
300926
301167
302312
300712
302114
301238
300606
301277
301168
301106
300532
300304
299382
302363
302092
300150
302136
299579
300297
301321
300984
302060
300029
301107
300676
301012
302169
300112
299628
302403
299730
299794
300246
301609
302053
301095
299899
301755
300512
301640
300453
301382
299899
299147
302179
301005
300478
302104
300942
302249
300882
299079
300354
301281
301171
301687
300129
301014
302069
301017
300830
301817
300793
302417
302053
299361
301843
299446
301271
300155
299967
301286
301602
300065
301876
300968
300378
300112
301326
299930
299963
302186
299794
299516
300778
300300
300555
301237
299163
301038
301808
300868
301224
300221
301491
301369
299650
300340
300468
299311
302119
301412
300921
300046
299394
302409
299479
299090
300958
299308
300413
300385
300235
301886
302072
300244
300692
301614
300089
299234
301627
300676
300912
300815
301287
300660
300053
299140
300528
301368
301542
300625
299750
301643
299829
299251
300725
300795
302043
301313
301990
299920
299641
299593
300979
299075
301699
300214
300923
301132
301973
302287
301242
302251
300104
302299
300496
300958
302264
302188
300484
299652
299516
300941
300202
299405
300326
302170
299460
300916
301860
301446
300671
300999
299330
299398
301915
299873
299978
299644
300430
301031
302162
302009
301486
301613
301643
300382
302296
302213
299390
299284
300266
299481
301084
299241
299066
299950
301450
300413
299967
300184
299073
299165
301046
300510
299067
302340
302078
299883
301691
301932
299437
301160
301410
302326
302196
301830
300393
299048
301263
301289
301488
301452
301028
300943
301809
300247
300888
301301
300008
301670
301671
299438
300813
299668
299518
300038
302266
302111
301700
301437
300967
299238
301596
299898
301904
299827
300551
299170
300666
299710
300468
299833
301115
300527
299217
302025
300524
300172
301058
299886
300879
299922
300025
299285
301372
300960
300743
299156
301216
299658
300305
302137
300794
299322
299270
301334
299595
300265
301035
299116
301132
302034
301613
301176
300765
300805
302057
301376
302364
300172
301857
299102
300867
299469
299196
300503
302354
301715
299339
301666
300473
302342
301453
301603
301041
301512
300189
301176
300186
301474
301603
301622
300425
299857
302008
299784
301587
300460
302195
299410
299262
299199
300752
299559
301507
300089
299100
299189
301495
301645
301430
301030
301692
299534
301964
301206
300193
299204
301953
300276
301280
300494
300635
299375
301118
299225
301038
301000
300168
299105
299428
299820
299571
301720
299323
301373
300673
300082
301752
299207
300660
299458
301466
301739
301190
299309
299499
299655
299958
301162
301786
300809
302081
301538
299510
301470
301139
299188
301469
301684
301333
301273
299774
301386
299686
299360
300081
301177
300366
299627
301830
300325
299928
302113
300448
300302
301363
302237
300910
301295
299766
299479
299460
301145
301055
299808
301912
299160
301580
299372
301295
301757
300585
299426
301503
299497
301113
300040
302281
299379
299863
299531
299389
301614
301471
302318
299747
299493
300932
299737
299898
300520
301334
300964
301698
299217
301110
302171
299453
299098
301005
302124
301261
301113
300606
299995
301806
299892
301476
301052
299670
300139
300047
302256
300753
301439
300592
299754
299529
300167
301659
300145
302121
300949
301654
300304
301465
301859
300112
300920
301232
299776
300133
301628
301280
300771
299473
299770
299896
300635
302173
301650
301770
301362
301878
299410
300796
301963
302313
301627
301825
302365
300016
299828
301099
300714
302140
300357
299557
299988
301387
299890
301746
299164
301026
299472
301498
299801
300510
301169
301613
301305
301373
299171
300663
300441
300453
300955
301621
301316
300052
302032
300518
299391
299814
301685
299323
302050
299812
299366
300240
299314
301954
302245
301377
301809
301080
300322
300894
301298
301507
302372
301281
300688
299414
302371
301775
299800
300861
300522
299958
300788
300949
302344
301262
300882
300487
302167
302068
300658
301088
302256
300870
300125
301142
301570
300458
300292
300905
300682
301789
301218
302168
302019
301919
299325
300052
302219
300252
302300
299131
302396
302260
299935
299837
299536
302076
301985
300753
300811
300119
299375
299340
299242
299287
299216
301896
302079
300379
300804
302183
299788
301363
302085
302132
301708
299705
299109
300717
300576
301099
300106
299451
300676
299355
301178
300711
300456
301167
299988
302407
299138
302123
300053
300179
302247
299612
299090
301929
302196
301495
300229
299983
301168
301363
299216
300275
300610
302111
299404
301088
300809
300114
301426
302104
301055
301604
299690
301504
302326
299287
301781
299317
301596
301448
299716
300307
301798
300728
302014
299480
301378
300360
301780
300635
301893
299200
300037
300087
302116
300319
300175
301937
300300
300533
300719
300488
301971
300812
301638
300703
300077
299740
301370
301466
300826
299159
300820
300584
301968
301168
301148
299554
302223
300078
300927
300519
299145
300567
301127
301190
299749
301091
300944
301916
299435
299917
302219
301727
301804
302055
300223
300455
299444
299185
299444
300432
299356
301429
300862
302339
299656
300796
301221
301310
300754
301351
301129
300114
300763
300814
301610
301526
299770
300559
299876
299275
302193
300245
301622
301549
301053
300889
301926
301827
299341
300726
299301
300062
302198
301255
299914
301657
302027
301500
300164
302025
301629
300549
300394
301529
300498
299102
299052
300094
299745
301885
299064
299279
301313
299435
299317
302286
301016
299849
301341
300502
300684
300380
300711
299980
301697
301923
301829
301991
301491
299746
300029
299910
301781
302412
299927
300915
300278
301388
301554
300245
299434
300941
301588
301900
301368
299794
300202
301315
299167
300178
300484
301636
299891
302331
299511
299267
299416
300529
301362
299484
301591
301035
299205
302185
301171
301328
300994
302185
301821
301890
300541
300037
299123
301163
302330
301948
299993
300863
301034
301077
299152
299609
301396
300266
300531
299953
300018
301866
301399
300778
302220
300828
300715
302204
301114
301965
299811
299594
300204
301716
301409
299882
302109
299880
302413
299521
300526
300199
299721
301974
302408
299706
299497
301584
299529
299522
299232
300648
300732
301692
299817
299269
302338
301523
300169
300439
300584
300663
300186
299407
300097
299583
302356
299604
299712
300053
302050
300041
301226
299440
300677
299881
299503
300653
299556
300508
301780
301399
302018
300401
299249
301161
300590
302052
302040
299135
300451
301148
301543
301504
299806
301084
300601
300290
302064
299547
299897
299728
301446
299244
300977
299433
300101
299209
301274
299244
300128
299146
299530
300940
300430
299501
299699
301023
301693
300305
300678
301133
300274
300199
299383
299808
299467
299508
302251
299442
301169
300692
300589
299734
301001
299333
300571
301347
300219
299948
300487
299260
300142
299737
301941
300869
302167
300326
300129
301394
301638
299760
299192
300291
300961
300011
301726
300966
300807
301903
301484
299781
302028
299814
300192
301724
301551
302265
302139
300293
300610
299560
299936
300453
300619
301933
299204
299245
300776
300859
302176
299480
301883
302023
301952
300241
301110
300310
302136
299511
302231
300966
301321
299858
300103
299156
301423
301310
299778
301354
300564
302315
301741
299541
300415
300786
299682
301752
299486
299606
299285
299097
301669
301322
299753
301869
301455
301546
302039
302386
301506
302057
300708
299615
301613
299931
301199
300170
300565
301571
301410
301318
301065
302178
301864
301063
301655
302030
302137
299138
299652
300637
302271
301843
302032
300594
300485
301385
300918
299400
300209
300815
300171
299267
301043
299145
300256
301144
300665
299373
301192
300738
300711
302390
301233
299932
299773
299887
300278
300580
299122
301489
299825
301737
301745
302009
300038
301298
300966
302243
299892
300701
302102
300173
300820
301746
302215
302240
300663
301146
300752
300803
302299
299331
302112
300728
301946
302276
301776
301840
302379
300616
300664
301379
302038
302303
301249
300210
300725
300394
300287
301192
301669
299358
302420
301793
299609
302345
301519
299177
299381
301096
301892
300018
301361
299088
299991
301452
299485
301738
299453
300547
302311
300258
301927
299150
301165
301244
299164
300825
300526
299627
300301
302208
302405
299201
300169
302330
302366
299908
300591
300217
300910
299663
300170
299986
301499
301226
301190
301680
300751
299609
300890
299741
299104
300966
302043
301070
301876
301216
302114
301527
300631
299143
301876
301626
301831
299860
299672
300616
302314
302139
299877
301379
299851
299425
300945
301000
300461
300559
299740
301071
300532
302383
299119
299625
300403
299860
300196
302361
301340
302085
299392
301662
301275
302107
301865
300553
299167
300774
300112
301688
299926
299964
301368
299329
300670
300376
299699
301713
300310
301495
302420
299558
300931
300161
299240
301050
299122
300528
301427
300851
300149
299601
300097
300547
300994
301658
301208
299228
301941
301999
299175
301314
302090
301305
299629
302209
300210
300865
301190
301024
301464
301184
301211
301628
300800
301408
300934
300227
299556
300304
301210
301855
300425
300626
299043
299362
300799
300195
302131
300972
301072
300431
301940
299628
301423
299590
299936
300961
300776
299671
300239
300252
301890
300632
299482
299763
301059
300658
299902
299572
299119
300274
300111
299938
300677
300279
301383
299787
301628
299079
300402
299085
301429
299396
301146
299681
302229
301639
299816
301332
300002
299188
300498
301181
300941
302126
302394
299905
299913
300559
302355
301333
301610
300339
301756
301883
302244
301945
301915
299988
300704
299247
300847
299385
301168
301546
301829
302023
299296
301980
300449
301229
302137
301778
299891
302273
302027
300870
301930
299122
299462
301436
301261
302165
299482
301601
299112
300580
299928
299244
299042
299530
299065
300875
302378
301450
301025
301643
299505
301798
300066
299189
299222
300098
300963
299966
302344
301564
300631
300479
300431
301487
300997
301052
299837
300094
299043
299431
299823
301469
301175
299975
301969
299993
300111
301325
300580
301028
300063
302180
301570
301335
299788
300985
300404
299965
302368
301198
300822
299858
299865
299053
302241
299671
299726
299889
300016
299707
299583
299398
300765
300322
299317
301411
299747
300980
299388
300594
299654
300803
299573
301451
299506
299655
301082
302218
302329
299890
301356
299237
299303
300621
299191
302419
299321
299542
301891
300211
300373
300938
300598
301495
300934
301170
301357
301341
299373
299269
301732
301388
299743
299301
299652
300932
301990
299600
301500
301481
302127
301306
299123
299993
299164
300941
300322
300121
300455
299964
299217
300339
300657
300435
300846
301175
300477
299186
300827
299850
302066
299988
299667
299344
301598
300971
301742
301836
300523
300034
300366
302011
302327
300374
301739
299769
301913
300179
302018
302056
300511
300928
299645
299145
302113
301338
299701
300193
299628
299651
301172
299225
300118
299959
300215
302141
299902
301071
299270
301888
301736
299280
300718
301011
299891
301757
300356
300788
299548
302131
299091
301874
302105
299209
302261
300724
300198
301587
301519
300667
301064
301102
300806
300031
301037
301442
300707
301203
300146
301254
301981
301106
299603
301417
300754
300605
302307
302111
300653
301642
300068
300064
300144
302254
299954
299345
300723
299936
301468
301985
301482
301531
299738
301780
300923
302028
301752
301189
299877
300712
300539
300012
301834
300624
301455
302275
299258
300349
300160
301891
300481
299285
299220
300518
301997
299238
300605
301994
301868
300355
300480
301401
301691
300633
301179
300030
299513
300221
299484
300178
300491
300068
300324
300042
302302
299756
300123
300216
301123
301109
301427
299856
300007
302155
299635
300346
301884
300956
299806
302248
300667
300941
300246
300546
300112
300585
302417
301591
301205
299449
299338
299846
300519
299920
301127
299774
301499
299966
300476
300710
300008
299521
301708
301990
300244
299333
302010
302200
299541
301601
299936
300231
299639
299754
301917
299611
299542
300230
299207
301858
300680
299875
302356
300030
301818
300464
299580
301236
301133
300682
302163
300740
302051
301015
300551
300170
301401
299533
299874
300573
300332
301936
300043
300184
302292
300935
299410
300949
302330
300765
302079
300020
301652
300464
301330
299688
301827
299848
300527
299442
302319
300996
299511
299380
302369
299606
299947
301164
299441
300352
300325
300618
302049
301705
300292
301927
301548
301601
300802
301433
302090
302362
301983
301019
299510
301119
299103
299079
301796
301574
300268
300193
302200
300122
300732
299176
299890
299733
302108
300593
301634
300546
300306
301753
301670
300260
299487
302374
302153
302017
301079
301472
301626
299595
301111
301110
299712
301811
299802
302117
300022
301883
299964
299685
302236
300357
299842
299348
300941
301288
300613
300756
299626
300256
302200
301780
300316
299833
301892
300200
300109
300210
301207
299942
300563
299054
300672
300745
301303
299457
301915
299925
301462
299403
302270
299362
299981
302027
301614
300018
301562
301157
301026
299311
301028
301756
301299
301621
301588
299389
300156
302354
300188
300698
301101
301271
301325
302021
300631
301406
299959
299753
299305
300106
302393
301848
301457
301383
302397
300463
299510
302082
301838
301283
301428
299913
299711
299915
300602
301113
302093
299162
302030
300435
299583
299911
301800
300549
299660
299144
300735
299375
300898
301315
300083
301772
301477
299713
300845
299197
300002
299718
301341
300378
299066
300438
302311
299414
299617
299215
299762
300987
301012
301498
299462
301444
302281
301019
299884
299670
299774
300108
299179
301398
301906
300171
300572
299360
300786
299109
301647
300956
302389
302406
299475
300595
301446
300604
300246
300387
301970
301477
299206
302244
299633
300464
301995
299910
299314
300629
300857
300876
301762
299552
302004
302031
299976
301365
300168
301142
301393
300749
299545
301437
301071
300882
301940
301993
299314
300253
299753
299992
301687
301085
301007
300920
300834
300682
300420
299618
299577
299836
301421
299648
299143
301666
300790
300042
299732
302236
300913
299106
300622
301078
300055
300251
300852
299874
301284
302044
301779
300676
299416
299568
300263
301755
301659
300341
299111
300569
301301
301275
301182
302163
302083
300360
300578
300573
299283
301884
299473
301823
299978
300816
300809
299547
299894
302152
299736
301258
300962
300799
299563
300256
302317
301455
299722
299993
302250
301215
301074
300920
300642
300611
301212
299816
302273
299878
300416
299043
301888
300807
301310
301818
299853
299748
300984
302333
301105
302187
301634
299056
299265
301300
299632
299269
300150
299514
302418
299226
302324
299894
300119
302263
300025
300024
301230
301824
301570
299577
300718
299262
299677
300227
302210
299140
300203
300961
300071
299987
301976
299948
299979
300373
301825
301294
300670
300464
301000
302045
300916
301975
299046
300079
299958
300189
301919
301559
301294
301196
300222
299309
300851
299161
301004
300440
300264
299311
299317
300347
301767
300596
301881
300825
300033
299777
301099
301158
299676
300132
301607
301580
301826
301783
302022
300505
302182
299065
301293
300879
302132
299827
299667
301760
299892
300837
300232
299648
301503
301177
302311
301947
301191
301787
301547
299135
299660
300675
299836
299826
301739
301955
300320
301463
300754
300667
299795
299287
299727
300718
301529
301169
302249
301071
302045
299515
299648
299299
300624
300593
302283
301486
301451
299779
300545
299135
301333
299660
299984
299833
301188
300079
301607
301208
302048
300754
299949
299861
299699
300492
300878
301415
299359
300867
300084
301520
299310
299892
302166
302155
301446
299177
300391
300036
301577
301938
300289
301675
301925
302253
299102
301962
302120
301477
301209
300525
299525
299790
301404
300602
299226
301591
301190
299228
300413
301686
301249
302227
299329
301484
302321
301007
301240
301991
301396
299146
299540
299411
299119
300039
300087
301144
299559
300294
299587
299504
299548
302031
300812
300019
300910
302374
301041
299286
299308
301819
300828
301178
302285
299161
300773
299509
300027
300082
299625
300112
301198
299295
300585
300766
302202
301902
300648
299869
300162
300639
299922
299693
301175
299620
301971
299116
300585
299652
300542
301950
299770
299499
300073
301316
300178
299595
300189
302370
302259
300099
300102
301514
301163
302326
300530
300396
302355
299695
300514
300006
301777
299400
301224
300477
301160
301204
299946
302343
301738
301807
301921
299575
301285
301270
302341
299202
301608
301145
299658
302101
301876
300927
299436
302192
301571
301685
302132
301116
302073
299442
301126
300540
299263
299167
301853
301171
301476
299195
299947
300032
299469
299393
300552
299165
301494
299479
301738
301216
301821
302345
302281
301646
299346
300488
301201
302107
301424
301525
301066
300883
302147
301160
301487
301631
302042
302042
299525
301190
300243
301916
300573
300762
302092
300865
301971
301052
301601
300760
301941
301032
300102
299196
302028
302136
299438
299447
299424
299542
300212
302213
301008
301375
299195
302023
300165
300495
299485
301493
299963
300173
302262
300054
300463
300999
301018
300743
300184
299760
301954
300854
300181
301752
300441
302008
301096
300567
299969
300429
301537
301535
301386
301099
300098
299387
301817
301151
301954
301876
300447
300682
300084
301441
301763
300990
299621
301438
300705
300979
299200
300270
300924
300872
301868
300668
300179
299373
300368
300439
302081
301200
299408
300279
300862
302008
302287
301659
301569
302374
302339
301165
300480
299612
300717
301196
300821
301285
299649
300400
301518
300222
300980
300665
299526
302237
301342
300341
299989
300759
299810
301901
299418
300241
301578
299193
299887
302357
300751
299890
302222
299471
299528
299206
299640
301285
301755
301503
300504
299562
299510
301875
301272
302262
301064
301711
302211
302310
300604
299749
299475
302158
301741
301585
300974
300316
301663
299948
300306
300265
302154
299846
300951
300602
299975
301516
301122
300065
300583
299156
302191
302188
302237
299342
299804
301314
300784
300446
301533
299403
299953
301916
299475
302120
300542
301461
299426
301057
300912
302262
300694
302124
300865
299539
300868
300499
301870
299446
299697
301417
301827
300536
301385
302205
299431
301090
299196
300865
300321
299898
301099
301647
301857
300423
300637
301282
299662
299524
302229
302382
300420
302362
301489
300286
299534
301054
299942
300232
300548
300246
301963
302007
302281
300169
299736
300212
301682
301310
301909
300082
301224
299662
299218
300735
299868
301423
302401
300566
299475
301901
299166
301900
299584
301273
299669
299212
301175
299982
300976
302252
300006
300718
301745
299437
299969
300753
301945
302247
302176
302413
299908
300563
299049
299872
299378
301656
299805
299181
299270
301173
300643
300432
299230
301980
300246
301268
300460
300079
299723
299988
299352
300496
300399
300242
299995
301416
299443
301512
302124
299949
300410
301190
300448
300014
301068
300909
302347
299514
300390
299459
299729
299718
300241
299949
300499
300710
300428
301241
301192
300790
299638
300862
301413
300653
299887
300748
301626
300154
300666
302357
301758
301989
301539
301051
302265
300462
301548
299798
299516
300595
300064
299051
299790
299571
299685
301797
300169
299322
302051
299766
301357
301814
300892
299688
299298
301484
300627
301380
301300
299931
301095
299988
300673
300869
300390
301186
302332
300864
299758
300237
301013
302049
302171
300165
300228
300752
300171
299664
301925
299499
301063
301845
300277
299888
299598
300565
299997
300670
300200
301851
302254
300385
301327
302014
300383
301162
301203
299170
301631
301791
300637
301213
299225
302097
301535
302270
300719
299293
300111
300110
300539
301323
300066
302070
299086
299856
299657
302368
301618
300772
299176
300551
301452
301540
300932
302283
301811
300423
299756
299165
300174
300880
300431
301344
302274
300430
301590
299630
301173
300360
301921
300904
300826
300651
302390
299087
301496
302293
301215
300688
301386
301985
301755
301180
302036
300258
301627
300067
301900
299975
300059
300715
301233
301268
301084
302284
299889
300247
300700
299740
300666
301066
300527
300083
299626
301743
300470
300179
299346
299942
300929
300277
302294
299192
301439
299058
302050
302202
301932
300078
302073
300877
300323
300673
299550
300986
300808
299996
300970
300103
302248
301573
299452
301862
300116
300145
301617
299156
299497
300128
299251
301529
299474
299121
299771
301057
300110
301364
300563
302126
300393
299049
302178
300651
300872
301299
301701
301794
299951
299561
300490
300955
302187
301795
300129
302322
299423
302415
299876
299366
300874
300021
300973
301094
299940
300158
300358
301546
300574
301941
299609
301412
302378
300323
299796
299530
301785
299070
300121
300816
301346
299422
299203
302392
299707
301489
300149
299382
301479
301332
300679
301731
301465
301070
299927
301520
299756
301017
300506
300028
302050
302195
299193
301682
301748
299183
300319
301049
301183
300618
300284
301381
300257
299406
300499
300629
299614
300219
301201
299501
300050
301194
301593
301515
300297
300199
302066
301648
301746
300695
301739
302244
300568
299511
300720
299084
299932
300694
300303
299302
300811
299523
300727
301840
302192
300124
299975
302367
300313
301651
300835
301982
301121
301932
299928
301208
300543
299287
300370
301265
300776
300551
300366
300249
299376
299209
300816
300958
299316
301918
302049
301769
299839
301537
301175
300645
299943
302087
299919
301031
301791
301522
301624
300686
300056
299766
299627
299212
301180
299677
301897
300575
301589
301295
300101
299501
299208
300614
300272
300097
302410
299080
301050
301622
299420
299483
300678
301970
302224
300585
300445
302028
299270
301001
302061
300906
301664
300005
301897
299105
301946
300382
301413
300807
302082
299450
301534
301913
301671
301110
299839
299570
302035
299188
299163
300239
301670
301607
300320
302156
302152
301223
302393
300573
302104
300495
301211
299973
299859
301242
301448
300211
300156
299276
302118
301790
302054
299808
299941
300039
300734
300575
300981
299469
302151
300720
299844
299624
299409
300380
302179
300843
301799
300140
299926
300521
299145
302387
300008
302371
300030
299365
299996
299955
300515
301692
301963
300663
300382
300389
301411
302409
301236
299831
299379
301370
300723
300822
299554
300127
302100
299587
300969
301034
299454
300726
301077
301978
301872
299698
300870
301491
302217
300428
302418
299109
299567
300865
300784
300408
299945
302253
299954
299276
299717
301871
301196
300327
302003
301817
301944
302199
299644
299783
301212
299686
300987
299414
300439
300072
299801
301478
301407
299108
300577
299948
302224
301658
301946
302336
301162
301632
300717
299929
302133
301107
300386
300973
301521
302022
299150
299557
300336
300015
299387
301794
300567
300952
301228
301828
299190
300194
300881
300797
299341
300708
299832
302253
300763
302318
300931
301527
299062
300245
300115
299144
300157
300610
300298
299948
300174
302215
300019
300921
299186
299404
299774
300888
301414
299979
299842
302366
301912
302372
301840
300014
299659
299973
299404
299824
300048
301149
301539
301230
299777
300731
299552
299181
299933
300924
299667
302092
299466
299939
299442
300297
301913
301382
299260
300107
302415
301584
299350
301796
302128
300277
299209
299579
299369
300068
299845
301130
301819
299959
299996
300776
299155
301162
299508
301449
300166
302024
300568
299798
300371
300958
301980
300595
301230
301561
302420
301138
300991
301766
299078
300335
299937
299291
300010
300770
301600
300706
300677
301307
302127
299218
299560
302075
299671
299257
299578
300539
299477
302354
300230
299758
299915
299270
300472
300920
302254
300883
302153
299682
300957
300341
302111
300487
301504
302088
299871
300281
300900
300460
300971
300843
302166
302375
300023
300113
301317
302262
299176
301195
299070
302380
302068
299356
299647
299104
299223
300630
301718
302076
300759
301750
300645
299053
299201
300371
299979
301128
299525
299964
300699
301113
299391
301748
300120
299536
301128
299051
301774
302300
301361
300242
300867
299398
299354
302027
299175
300769
301972
300752
302003
299332
300392
302031
300423
302198
300207
299884
299420
300243
301894
301078
300317
299990
300069
299861
299274
300618
299926
301449
302356
301157
299153
302219
300858
299989
301089
299461
299921
299079
300721
301893
301004
300028
301858
299708
299116
301531
299450
299353
299153
299890
299737
300974
300103
302136
299559
302397
302276
301826
299121
301793
302134
301406
301658
299791
300175
300531
300789
301197
300855
301732
299649
299283
301673
299240
300902
299533
300822
299254
299495
300410
299121
299561
301147
300012
301718
299101
300562
301346
301586
301077
302049
299873
301547
299771
299369
299283
301203
299274
301415
300050
301542
299163
301727
301289
300282
299773
300726
301302
301532
300312
300046
299945
301416
299772
302289
299602
299385
302055
302145
302362
301823
301339
301690
301903
302167
301838
299199
301644
300003
300141
301443
302081
301612
301965
301918
299990
299624
301707
302224
299700
299325
299479
300570
299749
300214
302038
299982
299977
302205
301150
300187
300103
301210
301881
301744
301143
300361
299181
299082
300635
300750
301297
300788
302042
299144
299064
301077
300104
301292
302224
300506
301138
299666
299523
300306
301455
301801
300599
299751
301495
300082
302203
302364
301049
299630
299379
299300
301727
301041
302307
301227
299970
300011
301352
299236
300818
300414
300913
299507
300216
301502
299123
302263
301310
299675
300562
301901
302141
302280
300905
301323
300854
299321
302090
302323
300297
301285
300640
300830
300648
299302
301318
301954
302242
300334
302237
300025
299610
300179
302186
299984
300785
299398
299194
301394
299047
300275
301659
300610
300255
301363
299927
302152
299424
299681
301444
299810
301866
302085
299233
299748
299385
302230
300343
300808
299573
300511
300383
299649
299693
299788
302365
299242
301306
299222
299221
302140
300426
300737
301454
300843
301028
299773
300689
300688
302196
300759
300071
300436
302019
300202
300447
299546
300360
301957
301118
300225
302222
302224
299466
302255
301157
301819
299579
300099
299871
300947
301555
301749
299757
299047
299103
301015
301928
301126
299906
300013
299080
300263
301838
302304
300562
302015
301039
300673
299073
300019
299575
301275
300990
302048
301253
299372
299535
300290
300723
302173
301617
301619
299817
301881
301733
300475
299624
300277
302161
299272
302221
299093
301854
300100
302036
301161
302154
302376
301975
299307
300068
301994
301455
301795
302248
300977
300942
301605
301694
302017
299685
302077
301908
301997
301696
301643
300498
299389
300075
302257
299506
300066
299688
299844
300405
301623
301447
300772
301926
301853
299789
301601
300376
300345
301835
300741
301419
300527
300191
299916
301701
301069
302213
301473
299272
299109
301638
299669
301548
301641
300250
301774
300912
302403
301815
301919
300026
302024
300169
301502
299048
299574
301943
299216
299490
299466
301019
299999
301344
299859
300482
301742
299783
301317
299793
300434
300930
300204
301564
300064
299201
302304
301199
301096
301602
301789
302132
299115
302142
299480
299110
300648
300809
300915
302265
299080
299756
302104
301440
300810
300648
299281
301788
300956
299724
300742
300739
299627
300005
300330
302199
301219
299836
299581
300349
301603
299922
300139
299304
302073
299679
301489
302205
301757
299647
301842
301074
301121
299269
300975
299179
300382
299159
301508
300093
299369
299043
299096
301090
302398
301841
299216
300166
300841
299369
300008
301435
300545
301439
299327
300587
300419
299083
300344
301385
299796
299129
301058
299798
301185
299299
300304
301648
299537
300779
302369
301081
299560
300601
301427
300150
302383
299790
299103
300358
301147
300442
299624
302143
300875
301245
301566
301529
299560
300174
300833
301102
301158
299851
299401
301781
300687
299700
300099
299136
301866
302075
302151
302013
302409
300858
302243
300243
302010
299903
299074
300375
301151
301614
301031
299569
300381
301561
300365
299303
301816
302200
299066
299191
299441
300144
301454
302322
302082
299447
299829
299270
301320
300687
301598
300315
300027
299394
300758
300632
301635
300988
300105
301372
300938
299238
302135
299926
301243
300222
300121
302235
299676
301632
302297
299916
301367
300825
300064
300817
301768
299651
300849
302112
302151
300580
299722
300130
299767
300174
300995
300855
302154
300766
299897
299512
301182
301547
301350
301953
299123
301701
299174
299946
299045
300330
302370
301459
299267
301888
299375
299712
299127
299609
302062
302071
302318
302179
299899
301502
299272
299765
299948
300403
299219
301691
299312
302038
299363
300453
299242
299487
299600
302378
300164
300775
302322
301265
301536
299388
302309
300064
301388
299949
300204
301279
301503
300030
300029
301096
300244
301344
299863
301500
301435
302201
302187
301177
302171
299567
301570
299336
301406
301221
300847
299051
302190
302065
299094
299123
300418
299095
299313
302011
300621
299982
299238
302133
301917
300015
299790
299933
301200
299869
301959
301781
300544
300397
300502
301697
299385
301909
300978
301019
299647
300038
299150
300258
300503
299790
301912
300320
301685
299360
301665
301273
300019
302075
300586
301063
299482
301939
299821
302315
302164
299373
299328
301238
300998
299660
301933
301858
301760
299255
300947
300864
301406
302016
302314
299926
300035
302234
300771
300107
300579
302234
299270
299729
300218
299121
299741
299324
301208
299052
301740
300152
301490
300822
299248
299271
300816
300792
302094
300261
301457
300311
300967
302403
302318
300574
300973
302337
301261
299282
300867
300838
300979
301048
301643
300541
301892
300806
300329
299406
299118
301054
301107
301846
301920
301563
301702
301860
301516
301984
299297
302256
300264
300921
301102
301325
301723
299300
299082
301369
300565
300902
300260
299091
300755
301891
300976
300019
299720
301640
301387
302323
301132
299584
301643
302056
302070
301851
300348
300703
299078
301757
301799
302382
299434
299170
301021
301575
301298
301984
300466
299569
301805
299865
299455
301240
300351
302413
300746
301117
299362
300689
302132
299543
302144
301660
299851
301328
301609
299047
300078
302203
299432
301553
301099
302360
299124
301133
301224
300099
299123
300191
299258
300408
300047
299953
299512
300484
301609
302024
302190
300788
299207
302366
301245
300899
301567
301362
300676
299633
299627
302204
302316
299318
301265
301230
299294
301334
299243
300494
299052
300379
300712
301180
302391
300752
300885
300206
299137
300219
301961
299802
302016
299818
301156
300285
301845
299127
302390
301115
299592
301889
299469
301592
301472
300962
299113
299160
301352
299380
301144
300166
300983
302188
302041
301364
299289
301210
300057
300748
299696
299359
300263
300065
301177
302326
302301
300571
299701
301588
301550
299129
300466
299461
299610
299815
300883
299990
301053
299873
301687
299172
301866
302095
301000
299854
300098
301525
300807
301770
299158
299670
301992
300307
302358
300923
301016
300011
300812
299664
302212
300417
299476
301662
301241
299797
299333
301141
300779
300947
299989
299313
301177
302129
300562
301265
300309
301125
300142
301204
301008
299809
299312
300101
301244
301509
299841
299462
301537
299201
299946
300561
300672
299264
299309
299766
299993
300116
300505
300242
300625
301159
299392
301953
301769
299755
301231
300084
300655
301018
300693
300418
299309
301182
301938
301816
300542
300124
302259
299367
302052
300926
301955
301591
302184
300852
301354
301724
299405
302329
299269
299696
301070
299789
299403
301500
301567
302048
300084
299048
300354
300757
301314
302166
300460
300084
302357
301368
301504
299403
300898
301921
300170
300709
300103
299856
300748
299578
302249
301616
300304
301665
299671
300419
300128
300382
301269
301235
301386
300423
299740
300907
300299
300293
299368
299242
302334
300576
299625
299656
300080
299805
299278
299158
301124
301246
302300
300607
301485
300688
299303
301476
299278
301820
299678
299350
301216
301763
299210
300053
299358
300670
301359
299090
300032
301580
301255
300181
300270
300024
300673
301885
299506
301977
300452
301557
302141
302304
302307
302090
299386
301248
301333
299910
299843
301412
301724
299225
302412
301193
300504
300387
299943
301139
301156
300128
299044
301581
302016
299968
301960
301437
301465
302016
300996
300027
299310
301536
300242
301316
299863
300728
300460
301540
300062
300364
299518
299816
301725
300353
300865
301315
300866
300119
301415
300583
301082
301477
300739
299605
301148
299575
299789
300460
301724
301556
300061
301842
301623
300102
299783
300776
302339
302420
301020
300465
301436
300420
300210
301019
299709
299495
300824
299174
301730
300862
299353
300003
300708
300249
300603
302306
301537
299229
302116
301018
301299
300118
301341
302375
299939
302096
301569
302415
301645
301402
300818
302026
301613
300092
302246
300645
300929
301449
299367
301741
300424
302352
300837
299857
299686
301843
301255
299954
299498
301693
301068
301058
300872
301607
299899
299266
299195
302186
300333
299793
300212
299561
300763
301696
299369
301329
302083
299642
301517
302273
300696
301851
301309
299301
299684
301647
302207
302412
301674
301536
300295
301755
301909
299434
300684
300946
302168
301917
299957
299505
299532
300051
300310
301985
299439
300430
301507
299365
299882
301256
299559
300257
299840
299237
299322
300966
300699
299465
302275
302230
302418
299277
299381
301539
301215
299156
299128
300047
301208
300452
300676
300082
300928
301585
302417
300175
301743
302185
300075
301017
299772
300207
301402
300212
301340
301284
299344
299057
302244
299788
299759
300670
300677
302026
302130
300706
300389
301375
302374
299226
300067
300042
301593
301692
300785
302212
299972
299746
302225
302067
299913
299307
301553
301520
300774
299730
301639
301448
299228
300822
300101
299366
300865
302312
301847
299940
301150
299912
300748
301382
301813
300728
301483
299877
299536
301391
301805
301492
299889
299625
301526
301890
301541
301113
301503
301942
302297
302096
301376
299625
299868
299112
299441
299715
300736
300611
301253
299545
299260
299082
300538
299497
300467
302040
299070
299806
301412
300325
299257
299305
302014
301666
301865
299458
300711
299754
301783
299451
299322
300552
300539
301319
299748
301251
300823
301717
300557
300441
300205
300623
301646
300172
299443
301347
301759
300252
301564
299798
300260
299057
299790
300692
299494
299877
300081
299405
299430
302393
299317
301823
299994
299366
300343
301421
300928
301519
299092
299661
301775
299874
301410
299765
300051
300578
301631
300558
300978
299804
300137
301287
299167
301961
301602
302156
301200
301584
299320
300512
301129
301796
299678
301920
299613
301098
301127
300584
299510
300097
299110
300552
300511
299976
301489
299259
302237
301293
302223
302328
299559
301008
301799
302145
300150
300515
299118
299990
299103
300828
299892
301655
300389
301006
299432
301450
300871
300400
302267
299962
300645
300118
299914
300177
300562
301506
301400
301154
299689
299841
299135
300595
301126
302199
300324
299780
301070
299976
299465
299977
301484
302052
300019
300701
300721
300796
301879
301375
299151
299115
299743
299611
301011
299289
300948
301121
299363
299618
302370
300262
300392
300342
300073
300359
300019
301163
299229
301527
299683
302292
299253
300977
300964
299908
300794
301865
300443
299677
299403
299042
299595
300250
301317
301283
301524
300335
299148
301275
299528
302336
301717
300604
300809
301556
300651
300978
300084
301870
300872
301154
299149
302368
300045
299716
299313
299450
299796
300752
300092
300522
300381
300557
300922
301171
300316
300821
302364
300603
301669
299801
299273
300252
299682
301190
299556
300011
301201
302090
300087
300324
299163
299679
301340
300158
300629
300513
301119
301418
301284
302225
299375
300314
299093
301777
299476
301247
300169
301242
300239
299925
302409
302189
299933
300146
301230
299286
301787
302417
301127
299428
302396
300420
300364
300415
300193
299090
301874
299827
301320
300209
302013
300599
302138
299635
302046
301492
301872
301979
301863
301544
299619
299149
300163
301998
299192
300473
299873
300780
299484
301756
302217
301325
301482
300953
300572
300803
300880
301774
299113
301548
299729
301521
301158
300997
299770
300788
301747
300136
299411
302230
299918
300997
299581
300546
301971
300113
301942
302222
301284
300627
300897
301096
300939
299687
301209
301663
302016
301660
302204
301969
302055
302310
299468
302335
301053
299480
299721
299991
302250
299923
301844
300156
299542
301183
301698
302386
301048
302316
299367
300584
302375
300047
301048
300562
300901
299649
301608
302304
300335
301196
300170
300961
299386
301085
299977
300542
299748
300250
301483
300910
300008
301235
302113
302359
300671
301968
302082
301626
302096
300500
299605
299899
301851
299475
300844
300347
299412
299453
300632
301709
300458
299885
300789
301939
300396
299107
301992
301803
301285
300507
302048
300857
301338
302004
301448
302144
301917
300427
299463
301899
300473
299568
300470
300727
299405
299836
300443
299221
299123
302389
300319
301540
301852
300882
299494
300252
302183
301853
299366
302088
301431
299658
301508
300863
299750
299444
299543
300581
301648
299391
301697
299668
302229
299635
300543
299485
302364
300579
299236
299065
299081
301084
300961
299372
301401
301030
301538
300430
300010
299937
301768
302195
302261
299545
301671
300631
300095
299670
300877
299367
301831
299061
301824
299844
301607
301667
301613
300344
299302
300158
301851
300549
299194
301116
299651
299196
301771
300516
301226
299199
301459
299930
302414
301224
300145
301389
299176
299756
301552
301609
299249
299889
300375
302212
299137
299982
301520
300554
301493
300857
299074
301823
302347
299720
299553
301145
300566
301061
301834
301115
300695
301155
301760
300480
300670
299381
300624
300464
302225
299185
301030
301386
301764
299989
301200
299306
301660
301335
299859
301490
299630
299251
299551
301312
299179
301425
301900
300066
299144
300484
302120
302102
301784
299860
299057
302122
302189
300625
301459
299757
301120
301612
301037
300498
301946
300602
302069
301150
300393
300542
302336
301945
302317
299481
300758
302322
299349
300416
300349
301374
299568
302096
300545
301454
301570
299162
301265
301489
300647
299241
300548
299504
299086
301895
301486
301536
302347
299190
300455
299820
300264
301352
300849
301323
300951
299577
302127
300324
301732
301922
301587
299936
300520
301954
301057
299227
300208
299110
299266
300228
299427
301244
299556
299183
301627
302163
302318
300757
301778
299561
300804
299161
300553
299582
301042
301559
300530
299387
300762
301124
299671
300524
300650
299426
299539
300800
299387
301068
301379
299421
300245
300230
300037
299144
300335
299508
299645
300375
300806
299251
299626
299328
300501
299134
300821
301864
301615
299854
301403
301205
302199
299948
299309
300231
302258
300611
300023
301737
302369
299660
301497
301353
299360
301676
300467
300336
300514
299731
299450
299184
299114
301083
299552
301542
299979
301755
302399
300088
300183
300533
302418
300212
301167
299454
300184
301260
299931
299446
301365
300025
301593
299201
299491
300093
301697
299986
301076
299251
299098
299187
301960
300200
301624
301609
299859
299386
301576
299842
300901
300294
300795
302377
300648
302097
300301
302077
301837
299740
300047
300000
299472
299951
300596
299587
302209
300342
302050
301648
301161
300763
302095
299966
302368
301384
300646
301435
300126
301767
299430
300658
301710
301112
299783
299217
301996
300979
301601
299785
299725
299431
302350
302110
300931
300657
301774
300870
302024
301940
300477
300495
300870
300084
301791
302005
302315
299248
299721
300534
300231
300636
300660
301562
301643
301145
301171
301610
301974
299327
299914
300410
302013
299439
301827
300895
300259
301405
301444
299780
302355
301659
301006
300570
301223
301763
301776
302006
301170
300751
299202
301273
299644
299621
301091
299102
302034
302356
299322
299814
299265
299662
300899
299646
299594
299455
301968
300206
299556
302302
300260
302274
299744
299911
301995
299861
302282
300055
299488
300288
300725
302344
300305
300085
300608
300831
301261
300810
301297
299267
300093
301364
300028
302119
300812
299681
302081
300616
302197
301287
299371
299895
300292
300466
302243
299455
302106
302045
299411
301338
299560
300621
300670
299136
301217
301640
301133
301763
300813
301163
300278
300052
299822
300544
300908
299602
300731
301141
301832
299552
300782
302086
299441
302336
302100
299333
300468
300306
300709
300026
300604
301818
302089
302072
301255
302091
300973
301247
301257
299299
301061
300887
299439
300878
301480
302122
302030
300376
300319
300727
300782
299784
300398
302148
299173
300632
299877
299122
299742
300988
301406
301723
300414
301595
302273
300598
299284
299315
299789
301625
299652
299604
299130
301765
299873
301835
300129
301241
301594
299987
301266
299288
299249
299610
301284
302352
301332
301529
299138
300008
301689
301140
300363
299544
300274
300858
301461
301156
300916
300693
301860
300974
300999
301896
300368
302266
299929
299765
299702
301438
300522
299319
299072
299945
300662
301840
302214
299933
301079
301719
300123
299326
299251
300611
300571
302097
300289
302221
300332
301711
299762
300402
299203
300893
302237
300026
299870
301067
299122
300422
301202
300055
302337
300396
299462
302287
300115
301893
299516
299929
299405
301931
300565
301438
300528
299835
302154
300367
301797
300702
299597
301474
302371
301953
302146
299979
299965
301655
301154
300931
299288
301992
302221
302153
299330
300742
299247
300459
302177
301034
301948
300667
300605
299055
302153
300661
301074
301449
301073
299538
302201
299797
301895
302211
300067
299886
299284
299337
300501
300775
301177
300213
299640
300236
301140
301404
302297
302353
301007
301912
301162
299923
301556
300253
299168
301233
300330
300523
301156
299590
299151
301909
302293
300399
300590
302046
300543
300311
300101
301037
299368
299669
300650
301228
300149
301933
300035
299497
300285
301096
301883
300757
302213
300202
301579
301310
300986
302113
301961
300543
300626
301141
299649
299096
301227
301149
301623
301140
301344
301295
300959
301511
301235
300782
299488
299317
299369
300596
301521
299384
300157
300398
301838
302109
299570
301517
301702
301854
301935
301957
301271
300763
300624
302415
299132
300798
301759
301427
299691
302144
301569
300414
301929
299652
302292
300809
299437
301510
299069
301427
300950
299114
299502
301095
299353
301486
299093
301754
300300
300480
300535
301364
301673
300220
300067
300377
299514
301713
302312
299865
299108
299367
301932
302027
302295
302380
300789
300426
300060
299845
301263
300341
299865
300457
299870
299249
299566
299444
299268
300615
299740
302373
301274
301397
301778
300442
301459
300778
300449
299119
301331
299141
302029
299521
301058
299873
301208
299500
299915
300466
299848
301105
299339
300862
300988
299684
299491
302293
302274
302095
299250
300938
300283
299111
301666
299532
300800
300183
302293
302064
301433
300942
300690
300616
300157
301422
300269
299908
301274
300318
299449
299078
301430
301010
300782
300391
299717
299934
299860
299311
301159
302109
302243
300974
299080
300237
302112
301155
302279
300838
300876
301538
301222
299846
301879
301133
301111
301924
300664
299657
300910
300690
300792
299888
301657
299502
299209
301815
299371
300056
299064
299763
302338
299944
299990
300038
300650
299355
300162
299851
300559
301528
299225
299155
299799
301801
301272
301079
302033
302084
301275
300580
301782
300666
302057
300860
300669
301048
300810
300842
299789
299785
300733
300413
301806
300259
299187
299693
301454
299123
301694
301817
299099
299093
300161
299258
299798
301477
301693
301181
301267
301246
299940
301698
299562
299610
302189
299319
301414
301165
301967
300941
300391
302334
300039
300458
301513
299482
302374
299965
302360
300412
299135
301830
300649
299437
300017
301110
299891
302140
299963
299655
299675
302001
302127
300614
299451
300185
302158
300405
300814
302181
301945
302117
300402
301421
302159
301224
301484
301011
301915
301587
301253
301269
300975
301722
299620
301306
299811
300461
302087
302279
299137
300987
299984
300911
300929
301068
301957
301803
302292
300593
302016
300443
300408
302026
299446
301677
299806
299905
301535
300196
299855
301415
299596
299993
299748
299791
299285
301101
302271
301284
301414
300834
302075
302285
302214
301283
302292
299798
299434
300461
301551
299550
301345
300582
300708
299779
300162
301139
300103
300399
300473
300512
299687
300801
301450
301088
301331
299975
301382
300249
301112
301310
302162
300120
299120
300820
302025
301254
299989
299733
299756
299522
301532
299891
299141
301481
300890
302152
302264
300371
300209
301192
299218
301142
299065
300440
301147
301240
300350
301356
302180
301883
299074
301911
299784
299336
300776
299680
301177
299088
300620
302109
299672
302094
300607
299222
301043
301933
301879
299302
300629
299545
300241
300664
301480
300137
300515
301689
300276
302350
300434
301047
300342
301569
300969
301825
302334
299299
299942
301594
300706
300992
302287
300493
300922
300820
300032
299767
301721
301286
302223
299153
299756
300001
300252
299141
300431
301425
301025
299212
300148
301587
299526
300071
301450
299725
299305
301366
301967
301379
300235
302079
299639
299768
301394
299318
301405
301912
301783
299062
301056
302158
302343
299204
300381
301737
299721
300733
299702
301210
302026
299465
299576
301783
299238
299878
301347
300785
302200
299504
302268
301918
302385
302326
300286
299835
299906
300166
301870
302331
302139
301558
299257
299154
301470
302375
301358
301368
302010
300984
301233
299550
299578
299767
300327
301192
301509
301857
301266
299640
299698
300257
302392
302286
299482
300702
300215
301506
301762
299787
300048
302096
299054
300944
300915
300566
301154
301806
301211
299798
301172
299379
299221
302405
302201
299183
300830
300780
299656
301326
299704
300313
300710
301787
301965
301494
299221
302350
300367
300081
299287
300380
299229
299406
302012
301382
299987
300679
302216
299809
299081
299066
300653
299421
301447
301081
300598
300810
300010
301933
300042
299502
302188
301817
302222
301578
300045
299188
299279
299201
301822
299480
301555
301267
300464
299146
301549
299240
300521
301252
299077
299768
301269
301203
301721
301484
299835
300461
301000
301391
302403
299264
300842
302129
301009
301315
299638
302235
301184
299247
300894
299292
302260
299140
299595
302101
301832
299146
300253
300372
300160
301537
302279
299888
301384
300807
301208
299608
299806
301626
301700
299378
299172
299075
300020
299700
300310
300353
299753
300830
299309
299157
300947
302136
302037
299624
299494
300986
300617
300557
300463