298991
298982
298938
298910
298896
298883
298876
298861
298844
298779
298775
298766
298758
298757
298720
298713
298712
298695
298662
298643
298563
298555
298539
298514
298506
298505
298487
298486
298482
298480
298469
298459
298433
298396
298387
298378
298364
298335
298334
298313
298311
298310
298300
298284
298255
298243
298224
298223
298201
298187
298177
298176
298151
298146
298139
298134
298123
298099
298090
298086
298080
298066
298065
298054
298051
298041
298022
298020
298005
297982
297863
297842
297792
297774
297770
297734
297731
297690
297689
297668
297650
297643
297626
297619
297601
297595
297577
297555
297553
297471
297466
297450
297449
297346
297331
297265
297259
297254
297241
297238
297231
297210
297209
297195
297166
297136
297131
297094
297059
297026
297020
296992
296948
296941
296875
296869
296867
296864
296850
296828
296815
296734
296706
296616
296597
296571
296566
296552
296546
296538
296511
296470
296435
296415
296384
296363
296360
296355
296350
296338
296325
296319
296318
296300
296290
296271
296268
296254
296220
296174
296167
296156
296136
296094
296069
296063
296028
296026
296006
295994
295970
295954
295940
295877
295872
295858
295756
295754
295742
295682
295677
295674
295649
295606
295597
295579
295570
295566
295558
295554
295543
295536
295532
295524
295518
295481
295460
295454
295441
295421
295379
295374
295330
295307
295284
295204
295174
295172
295158
295141
295134
295129
295053
294972
294942
294919
294918
294907
294895
294828
294817
294806
294790
294770
294761
294644
294641
294605
294603
294572
294568
294562
294537
294531
294526
294497
294470
294409
294289
294244
294230
294196
294195
294150
294104
294103
294066
294059
294054
294030
294020
293985
293984
293976
293967
293944
293933
293909
293886
293874
293837
293811
293804
293752
293725
293724
293708
293688
293680
293597
293590
293543
293495
293490
293488
293479
293449
293440
293400
293394
293393
293383
293361
293359
293283
293255
293254
293245
293226
293213
293191
293169
293164
293158
293136
293131
293128
293093
293089
293086
293053
293045
293023
293009
292997
292990
292983
292961
292942
292932
292918
292808
292790
292785
292779
292766
292758
292757
292738
292721
292717
292691
292654
292623
292610
292593
292586
292566
292529
292452
292376
292347
292313
292301
292299
292282
292280
292258
292196
292163
292159
292149
292144
292139
292116
292094
292092
292046
291995
291957
291953
291944
291936
291933
291928
291890
291878
291865
291858
291824
291815
291798
291791
291786
291783
291762
291743
291728
291724
291701
291626
291624
291569
291555
291542
291535
291533
291502
291483
291467
291458
291420
291407
291373
291326
291254
291239
291221
291209
291134
291056
291029
290972
290929
290907
290881
290872
290826
290818
290816
290810
290806
290790
290781
290778
290761
290754
290740
290706
290702
290695
290693
290680
290633
290628
290627
290584
290570
290494
290477
290471
290470
290469
290461
290449
290436
290435
290428
290426
290420
290410
290409
290397
290392
290370
290327
290314
290265
290228
290198
290196
290161
290154
290142
290103
290047
290041
290029
289978
289960
289956
289954
289907
289881
289843
289830
289792
289789
289788
289756
289708
289695
289693
289666
289662
289625
289622
289607
289575
289574
289573
289560
289542
289472
289444
289443
289415
289397
289395
289351
289340
289331
289306
289299
289291
289281
289271
289264
289239
289237
289224
289209
289198
289193
289182
289180
289154
289139
289108
289067
289033
289025
289001
288997
288983
288921
288910
288907
288904
288885
288881
288876
288860
288835
288816
288814
288809
288777
288771
288748
288741
288721
288718
288690
288689
288674
288649
288639
288625
288611
288591
288558
288512
288499
288490
288460
288435
288419
288409
288385
288381
288377
288313
288295
288267
288242
288237
288232
288216
288188
288176
288103
288070
288064
288045
288038
288032
287991
287970
287968
287961
287905
287899
287848
287831
287827
287817
287806
287802
287756
287751
287732
287716
287703
287698
287663
287651
287636
287610
287600
287583
287580
287552
287496
287443
287437
287434
287413
287409
287394
287388
287387
287383
287374
287367
287349
287347
287290
287280
287256
287253
287200
287197
287179
287125
287095
287094
287016
287010
286995
286975
286944
286929
286922
286918
286914
286907
286896
286866
286856
286854
286842
286812
286803
286801
286783
286768
286710
286693
286676
286640
286608
286570
286566
286560
286559
286542
286522
286501
286492
286435
286376
286353
286350
286347
286325
286316
286283
286262
286195
286180
286178
286160
286159
286145
286120
286110
286104
286103
286090
286064
286055
286037
286016
286009
285980
285948
285929
285925
285866
285857
285834
285770
285726
285700
285699
285697
285695
285684
285678
285655
285589
285571
285550
285533
285528
285510
285501
285468
285404
285311
285299
285289
285286
285257
285218
285215
285213
285211
285210
285205
285196
285193
285189
285171
285170
285157
285152
285121
285111
285109
285097
285077
285061
285060
285047
285040
285029
285028
284996
284971
284962
284935
284903
284889
284887
284879
284876
284846
284842
284829
284807
284805
284781
284740
284732
284702
284699
284693
284684
284674
284670
284658
284634
284632
284617
284607
284600
284576
284561
284549
284512
284483
284469
284432
284427
284368
284364
284351
284284
284273
284255
284219
284218
284215
284201
284179
284136
284115
284088
284083
284077
284065
284044
284033
284026
284024
284019
283992
283987
283964
283957
283947
283926
283918
283913
283908
283898
283894
283891
283890
283881
283867
283866
283845
283839
283832
283745
283736
283734
283725
283708
283696
283688
283661
283656
283643
283612
283578
283576
283566
283552
283548
283547
283538
283517
283500
283493
283485
283471
283470
283458
283454
283452
283443
283426
283366
283361
283275
283256
283243
283210
283185
283166
283143
283046
283002
282982
282977
282932
282918
282911
282864
282859
282850
282833
282811
282782
282770
282765
282756
282730
282729
282725
282712
282700
282697
282691
282674
282673
282656
282654
282651
282645
282627
282602
282594
282593
282590
282566
282549
282539
282521
282517
282514
282512
282495
282472
282471
282428
282411
282382
282342
282300
282294
282267
282248
282225
282208
282201
282199
282194
282178
282171
282169
282160
282158
282132
282127
282095
282094
282084
282081
282078
282049
282020
282005
281988
281969
281966
281895
281891
281870
281864
281844
281838
281833
281824
281793
281791
281774
281772
281767
281758
281745
281738
281695
281683
281634
281632
281605
281593
281580
281578
281509
281508
281480
281472
281469
281436
281367
281365
281352
281337
281296
281289
281286
281283
281175
281167
281146
281138
281118
281112
281110
281106
281062
281031
281007
281001
280964
280960
280934
280922
280899
280895
280894
280887
280863
280828
280817
280805
280783
280771
280758
280755
280735
280721
280688
280675
280664
280633
280620
280593
280540
280443
280439
280422
280413
280370
280361
280353
280346
280313
280269
280261
280259
280219
280187
280159
280146
280122
280115
280105
280099
280041
280032
280022
279905
279896
279893
279882
279797
279745
279734
279732
279725
279720
279714
279677
279656
279536
279530
279521
279520
279431
279406
279395
279295
279290
279202
279192
279186
279139
279132
279122
279110
279065
279063
279055
279020
279018
279012
278963
278961
278941
278864
278860
278849
278846
278835
278827
278822
278774
278751
278732
278726
278717
278712
278696
278654
278644
278640
278626
278618
278584
278555
278526
278514
278487
278474
278441
278399
278354
278346
278334
278301
278298
278292
278286
278264
278235
278226
278223
278197
278174
278151
278132
278066
278035
278029
278025
278017
277999
277978
277949
277935
277910
277898
277893
277863
277840
277767
277731
277686
277660
277646
277626
277618
277529
277471
277451
277440
277421
277416
277397
277335
277333
277325
277306
277293
277254
277248
277243
277211
277197
277193
277185
277146
277139
277138
277122
277072
277067
277063
277057
277046
277040
277028
277025
277021
277017
276983
276981
276969
276914
276911
276896
276878
276874
276851
276849
276840
276800
276788
276783
276766
276753
276727
276726
276689
276649
276632
276621
276601
276600
276592
276573
276540
276525
276524
276503
276482
276458
276441
276416
276389
276377
276363
276355
276350
276298
276284
276216
276215
276209
276194
276191
276176
276168
276162
276151
276130
276103
276092
276074
276061
276046
276034
276000
275995
275942
275935
275931
275902
275888
275878
275877
275870
275845
275822
275784
275776
275771
275765
275754
275744
275743
275722
275717
275656
275647
275601
275563
275544
275543
275519
275487
275468
275450
275447
275434
275426
275416
275402
275371
275362
275355
275336
275327
275319
275307
275290
275284
275281
275279
275267
275260
275243
275237
275224
275221
275214
275181
275173
275162
275157
275144
275134
275114
275111
275109
275102
275099
275083
275054
275053
275006
274987
274974
274973
274969
274946
274942
274933
274897
274893
274892
274864
274820
274794
274784
274778
274721
274676
274605
274574
274573
274563
274513
274476
274441
274436
274424
274393
274359
274283
274264
274261
274222
274175
274133
274114
274110
274076
274064
274018
273982
273967
273955
273941
273937
273926
273876
273864
273855
273851
273846
273784
273774
273739
273685
273654
273648
273644
273604
273593
273591
273580
273572
273569
273546
273494
273459
273440
273427
273409
273395
273385
273383
273380
273360
273326
273317
273284
273178
273172
273145
273139
273138
273136
273118
273096
273090
273083
273080
273066
273004
272997
272957
272944
272932
272893
272853
272823
272819
272806
272797
272734
272728
272723
272706
272700
272685
272658
272648
272621
272603
272576
272521
272504
272479
272467
272441
272440
272436
272422
272416
272388
272387
272375
272371
272339
272333
272323
272301
272278
272254
272236
272221
272212
272180
272166
272132
272125
272108
272101
272086
272067
272056
272040
272008
272005
272003
271992
271991
271982
271980
271968
271961
271942
271940
271913
271884
271870
271861
271757
271745
271685
271642
271604
271586
271572
271567
271550
271548
271533
271530
271508
271498
271497
271494
271485
271482
271480
271476
271442
271398
271371
271347
271330
271277
271266
271251
271227
271132
271131
271127
271103
271100
271098
271096
271084
271027
271005
270982
270970
270966
270960
270943
270934
270920
270907
270906
270876
270872
270868
270862
270840
270829
270825
270799
270795
270793
270772
270749
270723
270709
270698
270647
270626
270615
270591
270577
270545
270533
270489
270437
270435
270421
270418
270412
270393
270387
270341
270318
270279
270257
270219
270209
270193
270187
270168
270159
270157
270141
270061
270044
269979
269968
269941
269926
269908
269869
269862
269843
269807
269779
269747
269731
269729
269717
269679
269664
269663
269653
269628
269617
269610
269570
269533
269528
269520
269496
269414
269382
269365
269343
269337
269336
269293
269287
269284
269281
269278
269277
269248
269227
269220
269197
269179
269153
269147
269119
269105
269090
269085
269055
269041
268970
268959
268956
268943
268918
268917
268910
268892
268832
268827
268822
268763
268759
268726
268697
268692
268667
268652
268606
268591
268579
268556
268555
268550
268539
268439
268436
268414
268403
268392
268362
268338
268325
268315
268298
268290
268268
268258
268257
268240
268235
268223
268174
268133
268112
268072
268063
268061
268033
267998
267979
267968
267959
267931
267928
267926
267912
267903
267895
267873
267817
267815
267785
267779
267776
267765
267722
267651
267587
267562
267549
267544
267540
267510
267502
267480
267468
267418
267400
267367
267315
267312
267308
267258
267256
267224
267212
267209
267194
267148
267146
267145
267140
267129
267105
267090
267060
267055
267041
267035
267006
266952
266949
266925
266910
266908
266905
266898
266865
266864
266862
266831
266797
266777
266763
266741
266737
266734
266724
266665
266615
266597
266567
266553
266550
266546
266535
266519
266510
266506
266492
266444
266377
266359
266354
266344
266333
266229
266227
266218
266211
266200
266185
266167
266155
266099
266076
266053
266041
266035
266017
266012
265958
265946
265903
265874
265866
265842
265803
265789
265774
265745
265742
265698
265685
265673
265664
265632
265589
265579
265568
265533
265526
265490
265477
265459
265413
265389
265386
265377
265344
265336
265327
265311
265281
265277
265272
265262
265248
265215
265190
265181
265178
265138
265134
265129
265105
265065
265047
265015
264996
264977
264970
264956
264944
264886
264878
264859
264843
264816
264791
264775
264769
264753
264664
264620
264576
264566
264547
264523
264520
264491
264466
264449
264427
264422
264389
264378
264351
264309
264308
264252
264247
264245
264220
264210
264207
264197
264178
264135
264130
264128
264092
264063
264053
264047
263995
263993
263973
263972
263969
263967
263955
263897
263893
263841
263810
263791
263790
263780
263753
263694
263692
263668
263655
263624
263620
263559
263550
263546
263542
263399
263384
263355
263315
263302
263297
263266
263251
263214
263209
263208
263194
263157
263148
263121
263065
263062
263024
262998
262960
262953
262945
262934
262895
262861
262773
262760
262744
262711
262677
262668
262646
262609
262595
262590
262583
262556
262551
262507
262494
262486
262469
262466
262465
262451
262340
262322
262316
262310
262309
262296
262294
262185
262182
262178
262169
262131
262113
262109
262083
262059
262022
261989
261967
261964
261962
261959
261939
261938
261927
261813
261801
261796
261792
261758
261749
261747
261727
261700
261689
261654
261650
261647
261542
261527
261521
261506
261496
261485
261482
261474
261445
261431
261428
261400
261397
261361
261329
261292
261287
261285
261283
261259
261220
261217
261211
261208
261203
261191
261139
261136
261125
261057
261055
261053
261033
261030
260970
260955
260903
260895
260876
260869
260802
260787
260763
260697
260693
260630
260619
260607
260602
260543
260513
260504
260484
260471
260465
260428
260421
260396
260374
260314
260305
260271
260207
260196
260177
260170
260168
260158
260152
260135
260130
260129
260096
260092
260089
260082
260081
260053
260005
259983
259974
259969
259950
259930
259929
259907
259881
259874
259861
259857
259853
259844
259831
259829
259823
259808
259796
259774
259757
259712
259697
259687
259596
259580
259568
259545
259533
259531
259525
259509
259502
259480
259472
259441
259439
259412
259409
259405
259403
259386
259385
259372
259341
259334
259295
259289
259278
259254
259250
259240
259231
259227
259190
259120
259092
259082
259076
259064
259046
259029
259001
258962
258956
258895
258871
258864
258834
258808
258765
258752
258746
258736
258712
258690
258648
258646
258639
258633
258625
258544
258472
258465
258447
258441
258415
258400
258397
258394
258382
258336
258332
258314
258311
258284
258256
258249
258235
258214
258184
258163
258157
258100
258080
258060
258057
258051
258047
258020
258016
257972
257971
257961
257917
257904
257891
257876
257819
257794
257789
257779
257766
257723
257715
257692
257690
257665
257662
257642
257595
257525
257503
257496
257489
257481
257460
257447
257438
257426
257393
257382
257345
257337
257323
257301
257279
257182
257150
257148
257118
257079
257067
257013
256982
256977
256969
256955
256953
256922
256905
256890
256876
256862
256845
256841
256811
256794
256786
256782
256761
256745
256735
256733
256720
256716
256702
256695
256658
256644
256609
256581
256573
256544
256539
256533
256531
256527
256509
256499
256493
256440
256420
256389
256375
256365
256360
256354
256315
256304
256270
256268
256261
256198
256143
256142
256111
256102
256101
256070
256048
256045
256033
256018
256012
256007
256004
256002
256000
255988
255981
255952
255939
255850
255835
255833
255815
255770
255767
255758
255756
255706
255697
255674
255651
255634
255623
255596
255570
255560
255558
255557
255542
255524
255506
255505
255500
255486
255427
255395
255390
255328
255289
255263
255245
255198
255188
255176
255069
255055
255023
255009
254992
254988
254962
254957
254952
254898
254873
254866
254817
254808
254790
254782
254739
254715
254688
254676
254623
254609
254584
254550
254523
254498
254496
254487
254474
254471
254450
254447
254431
254405
254389
254386
254367
254349
254338
254322
254320
254284
254275
254258
254233
254213
254201
254200
254195
254185
254152
254143
254137
254096
254077
254045
254037
254036
254028
254012
254006
253997
253923
253887
253877
253720
253698
253690
253660
253646
253612
253600
253588
253575
253574
253559
253545
253504
253480
253476
253452
253435
253413
253390
253364
253352
253309
253308
253304
253293
253246
253226
253213
253209
253190
253181
253176
253136
253127
253041
253024
253022
253010
253008
252985
252980
252957
252955
252952
252949
252947
252915
252882
252819
252807
252795
252791
252715
252667
252629
252607
252589
252574
252551
252540
252486
252455
252443
252434
252413
252399
252339
252333
252288
252287
252245
252223
252193
252076
252065
252059
252038
252025
252000
251954
251886
251870
251851
251819
251816
251796
251785
251780
251693
251641
251587
251582
251569
251558
251507
251503
251383
251378
251343
251321
251319
251312
251309
251288
251280
251277
251271
251244
251238
251205
251202
251145
251127
251126
251107
251097
251082
251077
251036
251021
251016
251008
250989
250982
250963
250926
250909
250905
250901
250843
250825
250808
250799
250795
250786
250781
250779
250772
250732
250719
250714
250712
250696
250654
250634
250624
250619
250582
250580
250529
250519
250515
250505
250483
250457
250450
250392
250391
250348
250274
250255
250240
250239
250202
250196
250167
250158
250098
250096
250090
250079
250078
250068
250038
250029
250016
249989
249950
249924
249898
249888
249854
249847
249838
249829
249826
249820
249811
249732
249728
249724
249723
249718
249689
249666
249659
249646
249608
249585
249565
249546
249495
249492
249480
249479
249467
249449
249396
249367
249343
249336
249320
249286
249265
249254
249244
249207
249183
249182
249170
249169
249160
249156
249146
249132
249131
249111
249083
249080
249067
249054
249031
249019
249015
249012
249011
248947
248925
248919
248911
248910
248899
248896
248852
248851
248839
248835
248831
248786
248776
248754
248700
248679
248658
248652
248622
248608
248599
248559
248558
248534
248525
248516
248473
248449
248445
248415
248390
248383
248370
248367
248347
248300
248292
248283
248271
248257
248186
248034
248031
248028
248026
247994
247993
247977
247969
247968
247933
247931
247863
247842
247802
247786
247779
247754
247727
247721
247709
247694
247606
247544
247530
247523
247522
247501
247462
247460
247458
247457
247430
247412
247411
247407
247395
247363
247348
247329
247320
247305
247288
247287
247285
247278
247275
247241
247224
247192
247173
247160
247155
247140
247136
247100
247012
246996
246975
246972
246946
246908
246906
246900
246851
246847
246840
246834
246829
246799
246793
246791
246731
246714
246707
246703
246664
246663
246649
246613
246602
246585
246565
246557
246550
246498
246475
246472
246469
246440
246426
246417
246410
246404
246368
246247
246239
246225
246202
246178
246156
246112
246107
246103
246077
246065
246045
246044
246041
246029
246020
246017
246016
245994
245963
245937
245924
245859
245855
245831
245781
245758
245739
245738
245691
245668
245633
245604
245577
245565
245524
245512
245500
245464
245401
245384
245347
245323
245307
245291
245286
245268
245264
245250
245218
245217
245213
245207
245189
245159
245152
245135
245134
245125
245122
245120
245112
245065
245041
245032
245029
245005
245001
244981
244967
244949
244948
244926
244918
244906
244897
244890
244834
244808
244780
244777
244773
244742
244735
244710
244686
244649
244647
244645
244640
244631
244622
244621
244606
244601
244580
244564
244546
244531
244517
244491
244478
244475
244463
244405
244394
244335
244291
244279
244253
244245
244240
244239
244209
244148
244127
244079
244068
244050
244034
243977
243942
243931
243900
243897
243890
243838
243832
243826
243822
243809
243788
243772
243749
243734
243717
243643
243616
243613
243597
243574
243514
243497
243493
243483
243457
243431
243420
243393
243370
243365
243364
243361
243345
243340
243333
243314
243295
243287
243250
243245
243231
243221
243217
243174
243172
243162
243148
243120
243084
243058
243046
243039
243037
243025
243003
242988
242968
242962
242958
242928
242906
242899
242877
242873
242846
242802
242786
242782
242768
242753
242741
242702
242673
242670
242626
242616
242605
242596
242571
242556
242552
242542
242503
242501
242462
242445
242434
242415
242408
242405
242390
242387
242381
242372
242360
242315
242310
242294
242290
242277
242265
242262
242240
242228
242222
242220
242167
242132
242123
242098
242077
242030
242012
241952
241936
241931
241928
241922
241912
241866
241861
241850
241845
241835
241770
241750
241747
241737
241736
241726
241710
241701
241676
241641
241625
241554
241553
241544
241542
241525
241490
241487
241460
241392
241345
241341
241337
241335
241323
241309
241230
241201
241194
241151
241149
241139
241136
241133
241123
241115
241092
241090
241089
241088
241058
241055
241045
241020
241017
240920
240916
240909
240905
240891
240831
240792
240784
240776
240761
240648
240612
240607
240580
240562
240541
240522
240446
240434
240433
240431
240415
240398
240332
240324
240298
240274
240257
240248
240220
240217
240169
240157
240153
240139
240112
240088
240087
240065
240057
240043
240015
239991
239989
239955
239946
239945
239905
239901
239896
239853
239841
239825
239806
239757
239721
239689
239688
239679
239639
239623
239600
239579
239524
239514
239510
239473
239456
239436
239427
239422
239354
239347
239302
239270
239246
239239
239154
239134
239126
239118
239114
239074
239068
239016
239012
238979
238939
238929
238927
238909
238872
238842
238815
238812
238802
238763
238759
238742
238724
238678
238677
238615
238602
238592
238563
238541
238517
238510
238482
238470
238417
238407
238402
238386
238369
238331
238329
238316
238299
238294
238236
238170
238164
238155
238122
238112
238096
238073
238067
238044
238018
238005
237995
237975
237964
237954
237935
237934
237923
237921
237906
237895
237882
237858
237831
237802
237793
237790
237789
237774
237765
237742
237716
237703
237695
237671
237645
237639
237633
237622
237602
237597
237577
237548
237538
237506
237473
237448
237385
237382
237375
237365
237348
237333
237329
237321
237230
237226
237201
237183
237171
237160
237146
237125
237116
237090
237048
237032
236969
236912
236897
236876
236861
236853
236837
236805
236798
236789
236780
236770
236736
236727
236726
236712
236689
236666
236622
236586
236564
236559
236543
236528
236525
236502
236459
236456
236455
236449
236423
236415
236399
236388
236358
236285
236272
236268
236213
236136
236096
236053
236035
235985
235981
235969
235963
235905
235861
235855
235825
235805
235795
235767
235757
235735
235727
235712
235711
235680
235675
235672
235669
235639
235614
235566
235555
235529
235506
235463
235451
235436
235428
235424
235409
235358
235333
235324
235318
235278
235261
235217
235185
235122
235085
235074
235070
235066
235055
235053
235046
235037
235031
235029
234934
234905
234904
234902
234893
234836
234795
234791
234758
234756
234740
234713
234684
234671
234663
234653
234636
234612
234571
234521
234512
234489
234446
234442
234426
234324
234323
234283
234220
234155
234129
234116
234092
234074
234068
234065
234058
234044
234040
234036
234009
234008
234001
233983
233928
233926
233920
233916
233855
233830
233810
233808
233799
233788
233744
233723
233716
233683
233657
233637
233634
233631
233629
233595
233589
233551
233520
233502
233493
233464
233442
233422
233398
233394
233392
233354
233347
233345
233336
233325
233306
233282
233234
233227
233219
233218
233168
233165
233151
233118
233083
233039
233008
232968
232959
232934
232924
232885
232883
232878
232870
232864
232863
232856
232828
232804
232768
232743
232741
232731
232714
232700
232690
232678
232632
232625
232592
232567
232565
232556
232525
232521
232518
232495
232472
232427
232422
232406
232384
232350
232321
232303
232301
232265
232233
232231
232229
232212
232203
232190
232189
232141
232124
232106
232094
232078
232074
232039
232008
232003
232001
231991
231946
231939
231918
231911
231896
231842
231763
231758
231723
231722
231695
231680
231668
231622
231586
231572
231547
231535
231523
231503
231483
231454
231385
231337
231289
231259
231251
231230
231226
231179
231156
231155
231154
231140
231126
231106
231025
231005
231000
230964
230946
230942
230938
230920
230917
230878
230831
230705
230656
230634
230585
230577
230575
230561
230511
230503
230495
230489
230469
230329
230307
230292
230285
230279
230233
230225
230212
230200
230198
230170
230144
230107
230084
230076
230067
230055
230038
230033
230008
230007
229970
229919
229911
229888
229877
229816
229806
229791
229778
229740
229717
229716
229702
229698
229656
229636
229627
229623
229615
229604
229581
229566
229550
229549
229538
229505
229503
229500
229494
229450
229422
229416
229397
229392
229353
229331
229330
229313
229311
229306
229288
229277
229276
229268
229235
229201
229195
229188
229178
229159
229100
229096
229071
229060
229038
228996
228967
228936
228933
228929
228912
228910
228867
228863
228856
228810
228793
228776
228775
228771
228768
228758
228745
228731
228711
228706
228686
228671
228669
228650
228625
228622
228574
228511
228509
228505
228497
228487
228470
228455
228451
228448
228440
228384
228381
228333
228320
228296
228268
228267
228253
228230
228168
228165
228138
228092
228084
228070
228047
228044
228019
228006
227951
227950
227947
227940
227926
227828
227827
227822
227811
227798
227778
227759
227755
227714
227697
227674
227668
227665
227647
227588
227566
227558
227537
227525
227431
227417
227406
227402
227393
227382
227373
227355
227326
227314
227278
227268
227257
227250
227232
227231
227194
227180
227171
227146
227144
227131
227065
227060
227021
227008
226974
226966
226954
226947
226936
226881
226868
226799
226786
226750
226706
226681
226634
226601
226572
226550
226546
226542
226533
226530
226507
226484
226462
226453
226351
226319
226285
226275
226251
226223
226202
226198
226161
226153
226150
226115
226098
226090
226047
226046
226009
226004
225992
225976
225949
225937
225935
225930
225915
225905
225873
225838
225806
225773
225767
225758
225739
225726
225694
225671
225643
225639
225629
225606
225561
225560
225505
225493
225462
225460
225432
225430
225383
225325
225310
225307
225304
225279
225269
225266
225260
225236
225230
225186
225173
225156
225153
225149
225147
225137
225100
225071
225066
225043
225008
224986
224966
224941
224936
224876
224849
224837
224819
224814
224767
224764
224754
224742
224740
224723
224694
224693
224674
224640
224629
224593
224527
224524
224512
224489
224469
224459
224433
224425
224420
224404
224378
224376
224350
224349
224331
224318
224305
224304
224300
224229
224219
224201
224193
224184
224161
224155
224152
224130
224126
224061
224054
224052
224019
224008
224004
223963
223939
223884
223876
223875
223873
223863
223851
223813
223809
223794
223793
223788
223762
223641
223602
223590
223584
223506
223495
223489
223473
223406
223385
223359
223349
223250
223211
223196
223177
223168
223162
223161
223132
223114
223089
223004
222991
222943
222937
222930
222910
222908
222907
222885
222882
222857
222787
222763
222761
222760
222757
222663
222656
222653
222602
222592
222574
222565
222551
222515
222488
222481
222463
222412
222404
222384
222381
222363
222359
222326
222310
222298
222290
222264
222227
222224
222218
222208
222170
222150
222119
222098
222091
222007
221944
221935
221933
221914
221873
221836
221823
221817
221801
221766
221737
221733
221721
221697
221683
221660
221652
221649
221647
221576
221462
221447
221428
221416
221375
221363
221360
221343
221334
221320
221305
221288
221224
221223
221218
221217
221207
221128
221115
221100
221099
221092
221062
221057
221048
221046
221021
221007
220957
220933
220926
220880
220869
220859
220842
220838
220814
220797
220793
220764
220726
220679
220677
220651
220642
220632
220629
220624
220591
220577
220543
220525
220477
220466
220438
220426
220358
220342
220334
220312
220293
220283
220262
220248
220229
220228
220203
220202
220154
220128
220126
220107
220093
220035
220032
219974
219972
219936
219925
219917
219908
219884
219871
219864
219847
219825
219819
219808
219807
219799
219762
219760
219723
219712
219707
219687
219673
219627
219618
219559
219550
219534
219474
219451
219415
219408
219381
219380
219362
219361
219335
219313
219312
219303
219300
219287
219221
219149
219134
219074
219062
218969
218955
218950
218919
218910
218883
218842
218825
218795
218701
218691
218685
218682
218673
218651
218630
218623
218610
218608
218548
218495
218404
218361
218346
218340
218308
218306
218297
218264
218259
218238
218203
218173
218171
218165
218137
218094
218068
218031
218026
218020
218017
218012
218005
217973
217958
217957
217922
217909
217902
217892
217885
217867
217833
217815
217808
217789
217785
217765
217728
217722
217680
217637
217609
217604
217578
217551
217546
217514
217465
217427
217420
217388
217376
217366
217361
217349
217324
217316
217315
217303
217277
217245
217216
217201
217164
217131
217120
217118
217093
217072
217070
217039
217021
217008
216981
216942
216932
216904
216883
216882
216862
216848
216815
216742
216739
216712
216704
216677
216659
216625
216613
216580
216539
216487
216467
216455
216433
216354
216349
216332
216273
216263
216262
216247
216187
216169
216113
216105
216100
216096
216081
216073
216043
216040
216018
215974
215967
215966
215961
215943
215941
215904
215890
215854
215835
215797
215771
215734
215706
215694
215688
215653
215643
215635
215618
215606
215543
215536
215524
215493
215439
215405
215391
215377
215350
215334
215292
215268
215256
215241
215202
215184
215181
215175
215163
215138
215130
215119
215112
215064
215018
215015
215008
214974
214964
214950
214937
214934
214890
214882
214865
214858
214839
214821
214796
214791
214773
214742
214739
214732
214688
214679
214674
214661
214636
214626
214613
214586
214575
214561
214553
214552
214543
214536
214511
214501
214499
214468
214460
214442
214421
214397
214385
214374
214372
214343
214320
214296
214290
214276
214255
214232
214229
214200
214199
214151
214131
214130
214120
214059
213996
213992
213977
213976
213931
213911
213910
213879
213868
213802
213786
213776
213773
213764
213746
213699
213678
213667
213662
213650
213648
213616
213602
213581
213567
213563
213552
213548
213546
213537
213531
213510
213507
213497
213489
213482
213436
213434
213432
213412
213411
213398
213397
213356
213315
213304
213297
213261
213237
213179
213165
213162
213152
213133
213122
213121
213103
213092
213083
213041
213033
213029
213027
213013
213011
212961
212933
212912
212911
212903
212861
212858
212841
212821
212791
212780
212747
212746
212729
212711
212700
212650
212643
212625
212588
212550
212549
212515
212502
212490
212487
212485
212484
212440
212418
212406
212400
212397
212390
212371
212367
212348
212343
212313
212203
212199
212168
212158
212150
212133
212089
212082
212073
212012
212004
211998
211988
211926
211897
211889
211873
211868
211850
211802
211796
211789
211776
211766
211753
211726
211721
211672
211651
211647
211639
211624
211592
211572
211557
211552
211549
211545
211513
211478
211444
211438
211423
211418
211414
211411
211380
211374
211366
211347
211284
211262
211242
211240
211233
211232
211204
211188
211180
211174
211144
211115
211081
211068
211060
211035
211027
211001
210998
210984
210979
210971
210894
210877
210859
210814
210774
210763
210752
210747
210686
210665
210607
210595
210579
210568
210561
210556
210544
210526
210486
210476
210468
210459
210433
210428
210416
210397
210374
210353
210338
210318
210307
210298
210270
210252
210229
210223
210183
210158
210144
210113
210092
210074
210051
210043
210039
210026
210014
209949
209875
209851
209829
209797
209771
209741
209739
209732
209731
209702
209666
209624
209598
209591
209573
209551
209521
209507
209465
209440
209418
209399
209341
209334
209320
209316
209218
209188
209186
209136
209106
209089
209070
209069
209048
209029
209011
208999
208974
208968
208934
208931
208925
208894
208886
208877
208820
208807
208802
208792
208782
208779
208778
208736
208732
208711
208703
208693
208660
208655
208642
208635
208601
208597
208580
208538
208500
208495
208471
208459
208437
208427
208413
208368
208343
208311
208306
208302
208292
208282
208269
208259
208249
208246
208211
208202
208166
208157
208138
208128
208125
208124
208119
208106
208103
208085
208062
208043
208031
208012
207987
207948
207937
207881
207848
207846
207841
207837
207829
207824
207817
207799
207770
207736
207732
207698
207684
207664
207633
207605
207594
207593
207570
207530
207518
207516
207515
207514
207494
207475
207474
207460
207400
207388
207338
207336
207335
207308
207299
207287
207251
207228
207214
207128
207112
207068
207036
207003
206998
206970
206945
206918
206901
206883
206858
206851
206809
206802
206799
206772
206710
206703
206698
206687
206684
206679
206657
206652
206627
206604
206582
206577
206569
206565
206560
206558
206544
206542
206505
206474
206462
206455
206451
206446
206413
206409
206400
206373
206309
206288
206243
206235
206164
206140
206128
206115
206097
206041
206031
206029
206020
206019
206006
206004
206003
205991
205981
205961
205927
205925
205893
205878
205843
205838
205836
205800
205771
205714
205709
205682
205666
205608
205538
205537
205529
205519
205514
205465
205457
205406
205381
205361
205357
205343
205291
205282
205275
205204
205156
205149
205141
205103
205017
205001
204986
204975
204971
204968
204965
204945
204942
204939
204902
204884
204869
204851
204840
204809
204807
204791
204769
204764
204731
204725
204718
204668
204651
204644
204613
204583
204543
204539
204519
204506
204498
204476
204463
204454
204451
204421
204409
204371
204349
204348
204340
204339
204301
204294
204261
204234
204201
204198
204178
204129
204083
204074
204064
204061
204044
204029
204001
203939
203925
203902
203901
203899
203893
203874
203853
203798
203783
203781
203734
203731
203730
203719
203714
203712
203694
203691
203690
203671
203658
203652
203651
203650
203635
203612
203609
203598
203587
203583
203511
203497
203493
203472
203468
203455
203394
203379
203366
203351
203338
203320
203309
203284
203258
203254
203210
203175
203149
203148
203143
203085
203080
203068
203062
203015
202963
202953
202951
202940
202937
202927
202895
202859
202858
202819
202805
202787
202783
202733
202627
202619
202617
202573
202565
202562
202555
202485
202479
202466
202441
202415
202313
202296
202293
202266
202253
202246
202233
202207
202193
202153
202115
202062
202057
202051
202050
201999
201996
201975
201939
201923
201857
201845
201832
201827
201825
201817
201814
201803
201765
201748
201660
201560
201521
201515
201505
201495
201491
201467
201465
201444
201405
201402
201390
201366
201337
201310
201300
201294
201290
201262
201255
201229
201199
201184
201162
201144
201130
201121
201115
201092
201065
201064
201053
201031
200996
200984
200973
200970
200966
200952
200940
200916
200908
200863
200857
200843
200834
200829
200799
200782
200781
200760
200759
200751
200740
200683
200658
200609
200607
200577
200576
200572
200536
200528
200526
200516
200505
200479
200468
200451
200429
200401
200365
200332
200319
200305
200304
200273
200233
200204
200105
200102
200086
200082
200079
200061
200034
200028
199993
199982
199977
199966
199914
199863
199844
199817
199766
199745
199741
199736
199711
199708
199696
199691
199687
199673
199655
199653
199638
199621
199600
199581
199547
199487
199470
199446
199443
199403
199398
199388
199374
199370
199365
199303
199286
199252
199232
199208
199161
199146
199142
199107
199100
199091
199058
199052
199042
199023
198982
198921
198919
198893
198854
198845
198817
198793
198777
198775
198769
198757
198745
198741
198698
198691
198624
198622
198620
198604
198589
198482
198468
198464
198456
198428
198411
198362
198358
198353
198336
198324
198243
198241
198230
198229
198151
198142
198130
198115
198095
198061
198033
198029
197993
197985
197981
197967
197927
197886
197882
197849
197826
197823
197787
197761
197754
197750
197746
197745
197726
197701
197696
197617
197597
197593
197571
197569
197555
197524
197516
197496
197494
197492
197477
197475
197473
197458
197457
197411
197405
197345
197311
197285
197273
197268
197266
197263
197227
197186
197163
197140
197104
197070
197055
197051
197026
197014
196995
196976
196933
196898
196870
196847
196843
196824
196810
196796
196794
196781
196780
196747
196697
196693
196685
196672
196669
196668
196619
196611
196586
196557
196523
196519
196513
196495
196493
196435
196425
196401
196379
196364
196360
196342
196341
196323
196312
196284
196277
196228
196202
196199
196189
196168
196131
196130
196106
196085
196082
196081
196076
196074
196059
196017
196014
195977
195974
195964
195943
195934
195915
195879
195867
195865
195860
195832
195829
195794
195779
195761
195748
195739
195722
195717
195716
195664
195638
195629
195604
195555
195528
195522
195520
195509
195443
195433
195427
195423
195413
195411
195401
195400
195364
195360
195357
195319
195303
195295
195286
195247
195245
195210
195203
195193
195172
195128
195114
195052
195026
194967
194956
194949
194923
194846
194827
194826
194806
194776
194771
194769
194748
194743
194687
194671
194638
194603
194600
194595
194593
194584
194583
194555
194552
194541
194507
194487
194480
194474
194397
194361
194354
194347
194336
194327
194320
194301
194271
194256
194179
194168
194156
194153
194151
194139
194136
194132
194094
194080
194076
194069
194062
194030
194019
194007
193964
193902
193899
193898
193863
193821
193775
193746
193721
193698
193623
193613
193557
193529
193490
193476
193458
193346
193339
193327
193309
193306
193276
193263
193262
193232
193227
193154
193143
193141
193123
193071
193044
193036
192996
192979
192925
192897
192872
192836
192794
192790
192755
192753
192734
192714
192711
192694
192687
192685
192683
192659
192646
192639
192624
192581
192572
192545
192532
192516
192512
192511
192498
192492
192484
192469
192438
192435
192414
192413
192367
192345
192322
192318
192312
192291
192270
192244
192238
192228
192218
192212
192183
192145
192057
192052
191988
191986
191981
191975
191956
191947
191940
191926
191921
191903
191885
191875
191863
191805
191802
191724
191723
191710
191670
191614
191542
191524
191506
191485
191472
191457
191452
191443
191430
191423
191415
191402
191329
191227
191201
191175
191173
191171
191100
191084
191066
191050
191039
190976
190956
190945
190921
190897
190841
190805
190796
190781
190718
190713
190691
190679
190675
190652
190624
190617
190600
190598
190582
190563
190556
190527
190493
190485
190481
190455
190445
190431
190393
190333
190329
190323
190319
190314
190309
190293
190260
190234
190228
190221
190201
190194
190192
190182
190148
190116
190114
190109
190083
190078
190063
190043
190042
190039
189991
189961
189956
189935
189933
189931
189906
189872
189861
189850
189831
189777
189762
189747
189723
189719
189699
189695
189692
189673
189671
189595
189592
189590
189580
189562
189561
189555
189531
189513
189512
189508
189473
189389
189376
189359
189343
189335
189322
189305
189262
189254
189250
189200
189169
189114
189081
189080
189048
189032
189027
189015
189000
188974
188963
188958
188955
188922
188919
188913
188898
188881
188878
188829
188821
188805
188768
188758
188712
188690
188683
188680
188679
188677
188643
188633
188566
188545
188533
188511
188474
188463
188448
188383
188382
188373
188371
188370
188367
188347
188346
188282
188255
188220
188200
188169
188152
188151
188143
188082
188073
188072
188024
188004
188000
187985
187943
187940
187919
187869
187844
187826
187735
187724
187696
187679
187661
187641
187629
187563
187556
187553
187548
187480
187466
187462
187461
187376
187374
187367
187362
187356
187349
187341
187294
187293
187292
187233
187202
187155
187137
187123
187102
187071
187068
187046
187024
187002
186996
186968
186957
186907
186879
186870
186850
186709
186686
186672
186671
186609
186581
186576
186569
186544
186520
186447
186419
186407
186366
186359
186333
186212
186206
186184
186154
186124
186108
186083
186058
186051
186030
185994
185978
185925
185915
185898
185882
185876
185869
185857
185848
185838
185820
185805
185765
185739
185734
185727
185723
185684
185664
185618
185589
185587
185564
185547
185544
185520
185492
185483
185478
185467
185456
185433
185418
185409
185397
185393
185388
185386
185359
185343
185341
185338
185335
185302
185300
185272
185271
185132
185127
185123
185110
185042
185033
185030
184997
184991
184968
184967
184944
184891
184881
184836
184835
184778
184775
184745
184743
184694
184676
184661
184646
184638
184625
184581
184573
184548
184531
184527
184485
184479
184468
184459
184450
184442
184427
184420
184393
184389
184388
184381
184374
184354
184285
184183
184158
184144
184138
184118
184095
184085
184047
184041
183965
183962
183939
183937
183933
183928
183908
183906
183904
183859
183856
183835
183809
183801
183769
183756
183746
183738
183733
183711
183664
183640
183619
183616
183613
183592
183575
183570
183568
183559
183557
183538
183513
183508
183494
183485
183431
183428
183427
183421
183391
183353
183348
183327
183283
183242
183231
183222
183220
183184
183158
183136
183135
183123
183119
183103
183099
183074
183059
183050
182998
182950
182941
182928
182917
182899
182890
182875
182873
182844
182843
182826
182807
182800
182775
182769
182749
182741
182711
182703
182701
182673
182612
182592
182527
182472
182469
182465
182439
182432
182410
182386
182364
182345
182334
182299
182292
182275
182272
182259
182245
182244
182194
182188
182177
182176
182117
182114
182102
182094
182040
182035
181994
181957
181946
181928
181911
181898
181885
181861
181843
181838
181811
181713
181704
181678
181634
181632
181594
181591
181575
181560
181544
181539
181508
181505
181504
181458
181444
181418
181391
181367
181354
181328
181327
181326
181317
181307
181287
181245
181238
181225
181214
181193
181069
181058
181048
181027
181022
180986
180985
180935
180885
180879
180873
180858
180857
180841
180840
180821
180798
180790
180766
180754
180693
180692
180688
180677
180646
180637
180636
180613
180597
180554
180531
180523
180517
180509
180491
180485
180473
180457
180448
180443
180435
180434
180428
180345
180344
180337
180321
180306
180288
180250
180233
180189
180134
180130
180129
180108
180104
180091
180082
180080
180070
180068
180057
180047
180022
179973
179924
179922
179907
179904
179884
179848
179832
179800
179776
179772
179740
179737
179656
179646
179627
179620
179608
179607
179597
179561
179558
179555
179547
179544
179519
179489
179386
179374
179367
179355
179340
179318
179290
179236
179235
179218
179198
179166
179116
179070
179056
179047
179036
179027
179019
179008
178986
178979
178940
178937
178916
178866
178840
178826
178754
178728
178723
178714
178686
178664
178662
178650
178595
178594
178582
178571
178565
178504
178497
178454
178416
178400
178377
178337
178329
178319
178313
178285
178284
178274
178256
178216
178212
178195
178186
178172
178146
178125
178101
178098
178071
178070
178068
178062
178042
178023
177940
177891
177887
177856
177852
177850
177819
177799
177783
177778
177751
177650
177619
177617
177552
177536
177534
177519
177514
177497
177490
177488
177481
177443
177419
177412
177408
177401
177396
177390
177313
177306
177296
177295
177267
177229
177223
177206
177203
177197
177180
177179
177177
177122
177119
177116
177111
177075
177050
177046
177041
177034
177026
177006
176999
176998
176992
176979
176970
176967
176954
176939
176927
176920
176908
176877
176866
176836
176826
176825
176823
176820
176818
176791
176785
176714
176703
176659
176624
176576
176556
176528
176527
176492
176479
176477
176471
176440
176439
176421
176407
176397
176395
176319
176293
176262
176257
176242
176226
176200
176198
176196
176194
176187
176135
176102
176087
176079
176057
176031
175996
175979
175971
175969
175947
175919
175913
175905
175894
175887
175870
175845
175843
175811
175780
175739
175713
175705
175686
175662
175637
175634
175601
175600
175595
175591
175574
175572
175547
175523
175479
175471
175465
175457
175454
175440
175412
175409
175396
175394
175393
175369
175358
175308
175302
175298
175245
175240
175237
175203
175187
175182
175166
175144
175131
175121
175094
175080
175078
175051
175022
174989
174956
174937
174914
174893
174887
174871
174858
174794
174787
174784
174782
174777
174774
174735
174715
174650
174644
174621
174610
174597
174578
174496
174467
174460
174446
174423
174422
174354
174341
174270
174268
174261
174230
174194
174164
174122
174112
174101
174090
174085
174049
174033
174030
174024
173999
173994
173992
173984
173983
173976
173947
173901
173879
173856
173852
173788
173783
173730
173725
173711
173602
173597
173583
173543
173518
173504
173481
173466
173437
173434
173433
173345
173344
173332
173308
173290
173280
173276
173274
173272
173269
173257
173252
173247
173213
173194
173138
173130
173121
173094
173093
173047
173044
173005
173002
172989
172984
172979
172963
172944
172938
172915
172849
172847
172838
172806
172784
172781
172777
172746
172730
172644
172642
172632
172622
172612
172539
172497
172489
172472
172461
172452
172448
172447
172427
172357
172335
172334
172323
172304
172293
172282
172256
172245
172244
172243
172229
172198
172193
172181
172166
172126
172124
172122
172118
172059
172041
172029
172021
171993
171990
171987
171986
171960
171955
171937
171898
171887
171844
171841
171828
171826
171820
171817
171805
171797
171775
171760
171727
171716
171714
171713
171709
171707
171691
171681
171618
171617
171608
171607
171548
171535
171533
171523
171501
171475
171443
171409
171392
171387
171353
171349
171330
171316
171310
171285
171225
171218
171211
171194
171169
171147
171139
171134
171068
171046
171045
171022
171013
170914
170893
170879
170871
170861
170860
170852
170842
170813
170799
170778
170758
170754
170751
170720
170715
170699
170696
170684
170674
170659
170653
170649
170635
170545
170530
170508
170480
170440
170433
170382
170367
170366
170344
170342
170322
170309
170221
170216
170090
170076
170072
169960
169916
169884
169852
169837
169822
169810
169803
169792
169781
169707
169688
169621
169607
169504
169501
169492
169477
169453
169446
169445
169438
169429
169391
169362
169350
169306
169295
169285
169262
169240
169236
169196
169133
169073
168967
168939
168910
168909
168898
168884
168876
168875
168855
168779
168768
168729
168726
168722
168712
168708
168694
168613
168591
168575
168562
168554
168540
168526
168504
168500
168486
168461
168455
168453
168443
168427
168423
168411
168410
168407
168395
168385
168374
168340
168300
168274
168271
168226
168217
168185
168137
168123
168116
168099
168077
168070
168016
167990
167970
167943
167933
167923
167756
167735
167726
167715
167633
167584
167546
167520
167513
167502
167489
167467
167435
167409
167405
167397
167393
167390
167376
167374
167357
167305
167288
167287
167258
167229
167219
167216
167200
167194
167185
167153
167141
167112
167101
167091
167074
167062
167027
167000
166998
166943
166942
166936
166919
166911
166860
166857
166856
166852
166851
166836
166813
166808
166801
166792
166777
166760
166748
166745
166742
166733
166708
166695
166665
166531
166499
166498
166408
166402
166359
166349
166334
166331
166324
166315
166307
166291
166268
166248
166247
166230
166229
166195
166188
166156
166143
166106
166077
166055
166009
165992
165980
165959
165954
165933
165911
165898
165879
165863
165848
165838
165808
165804
165792
165785
165780
165760
165754
165751
165730
165713
165659
165651
165629
165623
165561
165525
165498
165470
165466
165446
165427
165422
165419
165412
165368
165357
165349
165342
165338
165327
165314
165306
165240
165202
165201
165195
165181
165158
165156
165113
165105
165075
165067
165021
165018
164994
164990
164986
164975
164928
164927
164899
164897
164888
164884
164874
164861
164829
164823
164772
164771
164740
164734
164727
164710
164695
164665
164662
164639
164631
164622
164574
164565
164538
164520
164472
164454
164372
164354
164346
164342
164335
164331
164288
164285
164260
164209
164163
164150
164135
164113
164105
164099
164094
164076
164054
164051
164016
164008
164004
163980
163970
163851
163848
163847
163827
163787
163762
163738
163615
163610
163598
163595
163577
163566
163564
163550
163531
163517
163508
163482
163467
163466
163426
163416
163381
163366
163313
163305
163299
163290
163273
163272
163230
163227
163217
163190
163167
163151
163144
163134
163132
163129
163036
163010
162954
162937
162933
162921
162918
162912
162909
162908
162902
162899
162883
162874
162866
162813
162809
162800
162791
162784
162770
162762
162695
162683
162665
162640
162579
162553
162542
162497
162448
162431
162426
162406
162380
162363
162279
162271
162248
162241
162237
162234
162229
162207
162130
162129
162126
162121
162113
162107
162090
162073
162044
162041
162025
162012
161990
161971
161960
161949
161921
161909
161904
161879
161862
161859
161856
161836
161782
161775
161747
161741
161736
161707
161682
161659
161658
161649
161628
161626
161582
161575
161566
161546
161533
161510
161481
161480
161476
161470
161454
161425
161398
161385
161367
161363
161318
161269
161262
161260
161245
161211
161194
161183
161164
161140
161115
161100
161054
161050
161041
161032
161024
161020
161009
161003
160999
160949
160946
160927
160890
160887
160885
160838
160822
160817
160794
160756
160734
160722
160683
160679
160670
160618
160608
160604
160595
160582
160567
160559
160547
160492
160463
160453
160414
160383
160364
160361
160355
160352
160327
160323
160310
160279
160275
160268
160217
160192
160185
160144
160137
160108
160092
160073
160049
160036
160031
160006
159996
159993
159965
159920
159908
159896
159890
159838
159778
159762
159758
159734
159732
159691
159666
159658
159653
159648
159641
159626
159621
159620
159619
159608
159581
159566
159551
159539
159532
159529
159517
159516
159514
159473
159448
159444
159398
159367
159363
159333
159332
159320
159293
159291
159285
159272
159214
159194
159183
159158
159145
159134
159079
159024
158968
158962
158904
158899
158856
158850
158839
158837
158793
158784
158780
158738
158735
158728
158684
158659
158655
158652
158633
158620
158614
158608
158607
158603
158575
158555
158529
158474
158460
158453
158429
158386
158364
158326
158294
158261
158256
158248
158226
158225
158195
158126
158123
158084
158079
157988
157979
157974
157972
157958
157948
157933
157924
157834
157818
157816
157762
157705
157663
157628
157623
157615
157612
157597
157557
157543
157498
157469
157411
157401
157301
157282
157260
157259
157250
157197
157179
157168
157129
157127
157068
157066
157059
157055
157054
157044
157041
157014
157011
156990
156986
156969
156940
156937
156936
156931
156928
156918
156914
156912
156911
156909
156871
156863
156853
156849
156811
156800
156781
156762
156761
156752
156745
156744
156720
156715
156702
156663
156654
156630
156627
156589
156588
156577
156530
156529
156505
156497
156484
156469
156459
156454
156442
156410
156367
156363
156339
156330
156317
156316
156298
156288
156282
156258
156207
156178
156150
156126
156115
156014
155996
155956
155949
155947
155943
155924
155913
155912
155891
155880
155793
155792
155784
155589
155568
155550
155471
155445
155398
155369
155325
155319
155309
155296
155293
155273
155245
155242
155224
155194
155174
155173
155162
155151
155144
155131
155114
155104
155100
155082
155081
155080
155009
154954
154900
154889
154855
154851
154839
154836
154831
154769
154763
154760
154725
154718
154708
154696
154683
154654
154617
154590
154582
154560
154551
154506
154482
154465
154464
154447
154440
154435
154429
154428
154418
154402
154331
154313
154312
154311
154301
154240
154221
154201
154180
154167
154156
154133
154125
154096
154069
154017
154014
154013
153982
153977
153970
153969
153863
153859
153838
153824
153776
153723
153683
153679
153662
153610
153607
153592
153550
153549
153543
153531
153526
153502
153501
153490
153485
153479
153477
153463
153457
153454
153439
153436
153429
153362
153352
153345
153285
153250
153238
153234
153232
153186
153141
153107
153070
153037
153007
152987
152979
152953
152944
152906
152884
152878
152849
152838
152833
152812
152726
152685
152673
152665
152641
152617
152609
152579
152568
152467
152449
152444
152428
152418
152406
152379
152374
152350
152313
152305
152295
152283
152266
152262
152240
152237
152205
152195
152159
152147
152140
152135
152124
152076
152068
152047
152046
152028
152021
152010
152003
151999
151998
151989
151955
151949
151921
151916
151914
151833
151830
151821
151819
151800
151791
151775
151735
151732
151723
151715
151712
151679
151670
151666
151657
151640
151626
151618
151604
151589
151587
151586
151579
151548
151525
151515
151490
151487
151482
151475
151469
151440
151413
151391
151380
151335
151334
151333
151314
151243
151228
151204
151193
151181
151166
151156
151132
151113
151096
151065
151044
151037
150930
150923
150915
150892
150859
150849
150827
150807
150783
150782
150751
150746
150733
150713
150704
150698
150652
150646
150641
150639
150631
150622
150611
150584
150570
150567
150563
150562
150557
150540
150522
150520
150493
150470
150446
150444
150441
150438
150434
150398
150387
150383
150352
150343
150335
150308
150251
150235
150224
150223
150215
150177
150173
150172
150136
150086
150081
150068
150051
150035
150016
149987
149975
149945
149935
149931
149927
149913
149904
149843
149838
149826
149800
149779
149758
149747
149745
149695
149678
149674
149657
149618
149617
149553
149522
149452
149423
149386
149384
149375
149357
149309
149302
149293
149254
149209
149195
149186
149141
149132
149127
149121
149110
149100
149096
149057
149036
149023
149005
148979
148978
148959
148956
148913
148831
148824
148817
148813
148799
148786
148771
148768
148747
148717
148710
148685
148677
148665
148663
148633
148632
148616
148595
148546
148529
148449
148437
148428
148418
148412
148407
148402
148395
148334
148283
148277
148266
148259
148242
148218
148157
148150
148100
148053
148012
147998
147980
147930
147913
147892
147890
147858
147831
147763
147672
147647
147642
147625
147594
147591
147577
147575
147559
147532
147522
147515
147471
147468
147463
147441
147439
147430
147410
147339
147299
147293
147291
147264
147235
147219
147194
147162
147143
147125
147083
147075
147070
147055
147044
147042
147039
147037
147032
146931
146930
146901
146890
146886
146849
146841
146794
146787
146747
146722
146711
146678
146666
146653
146607
146583
146569
146528
146503
146483
146482
146451
146341
146293
146257
146243
146218
146199
146182
146181
146179
146178
146165
146164
146157
146128
146123
146100
146093
146090
146084
146077
146060
146020
145989
145978
145945
145907
145901
145898
145894
145889
145878
145868
145837
145828
145808
145805
145799
145797
145784
145772
145764
145757
145753
145723
145717
145716
145714
145683
145679
145677
145676
145664
145640
145630
145625
145617
145591
145560
145531
145526
145496
145477
145472
145453
145451
145437
145429
145419
145386
145384
145361
145341
145334
145318
145314
145292
145270
145216
145209
145187
145160
145121
145110
145101
145077
145052
145038
145002
144992
144991
144977
144958
144930
144911
144887
144884
144855
144800
144771
144760
144740
144738
144729
144692
144689
144672
144652
144649
144603
144601
144594
144593
144587
144577
144572
144560
144555
144531
144530
144516
144508
144461
144420
144414
144409
144403
144401
144393
144389
144348
144331
144306
144300
144285
144279
144260
144253
144237
144196
144158
144148
144146
144140
144131
144126
144120
144118
144107
144105
144049
144035
144031
143995
143983
143960
143925
143900
143852
143850
143849
143843
143829
143714
143700
143674
143673
143672
143624
143603
143542
143535
143481
143472
143423
143419
143382
143369
143357
143326
143323
143319
143281
143257
143246
143242
143203
143196
143150
143137
143121
143092
143076
143056
143021
143018
143009
143006
142959
142923
142898
142862
142855
142827
142821
142801
142740
142730
142713
142712
142669
142655
142652
142650
142628
142547
142543
142542
142539
142515
142500
142486
142472
142437
142421
142405
142301
142294
142292
142290
142255
142232
142218
142209
142189
142174
142151
142143
142132
142116
142097
142035
142023
141981
141977
141965
141924
141898
141866
141852
141843
141830
141817
141794
141777
141744
141721
141697
141683
141616
141597
141586
141575
141570
141565
141533
141529
141528
141512
141500
141464
141357
141327
141320
141286
141273
141270
141245
141242
141228
141227
141222
141184
141172
141166
141135
141126
141103
141063
141046
141029
141000
140950
140922
140920
140880
140872
140871
140856
140816
140810
140801
140785
140772
140771
140701
140672
140663
140648
140587
140571
140557
140534
140520
140499
140449
140447
140422
140399
140373
140371
140353
140287
140286
140260
140239
140195
140172
140155
140139
140123
140062
140032
139962
139916
139897
139873
139872
139849
139846
139830
139820
139764
139731
139719
139674
139664
139654
139648
139612
139581
139576
139572
139532
139454
139426
139415
139412
139397
139378
139359
139357
139317
139271
139228
139219
139199
139128
139109
139058
139053
139002
139000
138984
138982
138981
138978
138973
138972
138959
138943
138927
138910
138875
138844
138842
138810
138803
138793
138759
138730
138689
138662
138651
138641
138636
138632
138618
138577
138551
138525
138519
138511
138495
138473
138460
138447
138434
138391
138390
138385
138383
138364
138360
138345
138344
138341
138330
138329
138317
138282
138215
138180
138163
138159
138136
138129
138122
138100
138072
138048
138028
138001
137998
137988
137982
137903
137872
137865
137861
137845
137842
137813
137807
137777
137772
137755
137697
137690
137665
137625
137612
137593
137559
137542
137539
137537
137536
137525
137490
137473
137472
137436
137424
137366
137363
137351
137344
137264
137245
137242
137226
137183
137176
137147
137136
137127
137126
137120
137113
137093
137083
137038
137029
137022
136993
136984
136974
136953
136943
136941
136940
136913
136910
136824
136749
136686
136682
136677
136674
136673
136665
136653
136540
136532
136522
136506
136505
136465
136456
136433
136411
136374
136370
136342
136337
136333
136328
136296
136276
136264
136239
136231
136225
136210
136157
136156
136147
136131
136129
136127
136117
136101
136008
135999
135989
135966
135944
135941
135922
135902
135870
135837
135794
135775
135747
135729
135705
135685
135628
135627
135608
135569
135566
135544
135515
135509
135490
135473
135446
135427
135414
135391
135382
135369
135360
135354
135329
135308
135292
135291
135287
135247
135236
135224
135223
135163
135159
135153
135126
135085
135083
135060
135027
135009
135002
134993
134985
134982
134974
134966
134961
134951
134943
134935
134914
134907
134896
134884
134880
134878
134876
134848
134815
134808
134800
134798
134768
134750
134735
134676
134669
134667
134648
134638
134633
134615
134595
134588
134584
134583
134567
134556
134528
134475
134468
134446
134440
134438
134417
134384
134371
134347
134341
134302
134283
134268
134255
134239
134225
134198
134169
134167
134162
134158
134133
134118
134073
134055
134050
134024
134016
134002
133978
133959
133943
133933
133922
133901
133894
133878
133877
133870
133869
133859
133857
133843
133834
133788
133785
133769
133691
133665
133648
133634
133623
133608
133581
133574
133558
133556
133543
133535
133500
133499
133494
133470
133454
133443
133441
133329
133314
133313
133279
133264
133243
133239
133235
133193
133188
133178
133149
133141
133128
133121
133109
133083
133069
133029
133015
133007
132949
132901
132888
132843
132839
132837
132835
132823
132817
132777
132761
132735
132726
132720
132693
132657
132654
132653
132647
132612
132611
132586
132556
132529
132527
132525
132521
132505
132470
132442
132404
132403
132396
132345
132344
132315
132282
132272
132270
132266
132264
132235
132226
132193
132107
132089
132087
132084
132065
132052
132051
132001
131991
131990
131969
131963
131951
131879
131878
131864
131832
131801
131790
131769
131739
131713
131688
131678
131656
131654
131638
131631
131628
131619
131583
131568
131560
131557
131550
131540
131523
131485
131445
131428
131422
131408
131407
131372
131367
131347
131325
131292
131262
131255
131254
131241
131204
131196
131193
131186
131168
131160
131149
131140
131097
131078
131071
131058
131054
131036
131007
130990
130988
130982
130960
130952
130917
130901
130865
130845
130833
130816
130815
130791
130776
130761
130739
130717
130699
130655
130608
130603
130563
130557
130539
130517
130512
130499
130472
130460
130444
130443
130431
130426
130415
130380
130371
130370
130369
130336
130278
130235
130225
130180
130125
130123
130112
130020
129999
129994
129973
129966
129953
129892
129886
129867
129842
129838
129823
129802
129766
129761
129757
129754
129722
129717
129705
129704
129702
129699
129695
129681
129677
129672
129657
129635
129634
129592
129573
129567
129537
129510
129504
129478
129477
129461
129451
129419
129378
129370
129338
129286
129278
129273
129250
129245
129240
129196
129165
129161
129114
129091
129051
128992
128965
128956
128936
128921
128918
128916
128900
128896
128895
128880
128878
128871
128824
128819
128808
128787
128766
128716
128701
128695
128677
128634
128615
128613
128606
128587
128583
128580
128563
128536
128514
128513
128468
128439
128404
128402
128371
128363
128319
128309
128275
128252
128244
128217
128203
128202
128191
128190
128129
128102
128084
128069
128066
128061
128041
128032
127996
127949
127942
127929
127889
127879
127871
127823
127807
127803
127764
127763
127691
127667
127664
127630
127621
127572
127530
127518
127515
127469
127440
127425
127418
127353
127347
127281
127221
127207
127185
127146
127141
127118
127090
127041
127014
126995
126976
126969
126965
126962
126946
126939
126930
126914
126892
126848
126839
126838
126836
126821
126820
126813
126807
126797
126794
126790
126779
126766
126765
126763
126756
126747
126740
126677
126660
126624
126619
126551
126487
126481
126451
126430
126415
126406
126383
126364
126332
126325
126291
126284
126277
126275
126268
126252
126231
126210
126208
126198
126175
126164
126146
126077
126053
126019
126018
125992
125965
125958
125954
125938
125900
125880
125873
125829
125810
125802
125751
125741
125736
125729
125708
125702
125639
125626
125586
125577
125571
125563
125506
125499
125474
125458
125447
125424
125411
125402
125342
125331
125330
125327
125325
125289
125287
125269
125261
125221
125144
125129
125112
125095
125090
125089
125060
125058
125038
124991
124987
124948
124937
124930
124928
124927
124926
124915
124864
124844
124842
124834
124782
124727
124707
124671
124663
124627
124572
124553
124522
124492
124463
124424
124398
124397
124354
124305
124299
124291
124262
124248
124242
124227
124220
124199
124163
124151
124124
124078
124033
124016
124015
123976
123919
123907
123892
123857
123767
123764
123755
123753
123748
123732
123709
123662
123661
123589
123578
123542
123519
123508
123477
123463
123462
123450
123449
123434
123419
123405
123402
123358
123302
123272
123264
123241
123230
123225
123201
123187
123174
123112
123097
123085
123075
123072
123043
123042
123041
123018
123017
123014
123010
122996
122988
122986
122985
122927
122890
122885
122858
122855
122850
122846
122835
122814
122808
122802
122789
122734
122716
122695
122664
122653
122651
122643
122631
122627
122623
122620
122600
122574
122564
122527
122510
122495
122470
122463
122424
122416
122414
122378
122372
122368
122341
122335
122300
122270
122264
122249
122232
122183
122134
122090
122089
122087
122042
122037
122035
122034
122022
122005
122003
121960
121957
121941
121938
121932
121924
121899
121884
121863
121839
121823
121819
121781
121770
121746
121738
121732
121724
121716
121673
121672
121659
121628
121621
121610
121591
121586
121574
121573
121567
121551
121550
121474
121453
121433
121408
121399
121386
121338
121332
121298
121296
121281
121264
121250
121245
121219
121205
121162
121149
121097
121095
121029
120991
120969
120963
120944
120933
120852
120843
120835
120811
120807
120730
120718
120709
120701
120695
120682
120675
120666
120653
120601
120595
120587
120545
120504
120495
120472
120470
120426
120367
120360
120333
120331
120317
120288
120238
120187
120181
120148
120128
120114
120011
119981
119980
119933
119918
119894
119881
119877
119798
119787
119774
119765
119763
119756
119735
119733
119727
119726
119706
119690
119671
119664
119660
119648
119632
119628
119615
119574
119556
119544
119542
119535
119512
119499
119490
119466
119443
119437
119435
119432
119429
119423
119390
119377
119313
119296
119287
119279
119221
119218
119187
119155
119152
119093
119067
119042
119024
119021
118968
118959
118949
118909
118904
118893
118867
118849
118830
118803
118757
118750
118745
118671
118670
118660
118643
118624
118617
118587
118584
118562
118559
118558
118549
118521
118520
118504
118477
118458
118396
118355
118353
118349
118334
118308
118292
118278
118257
118247
118182
118164
118151
118149
118140
118129
118122
118121
118108
118106
118064
118029
117991
117967
117940
117936
117928
117920
117916
117911
117904
117880
117840
117835
117827
117810
117792
117781
117768
117754
117746
117731
117728
117711
117697
117693
117691
117666
117649
117617
117606
117594
117561
117548
117539
117529
117497
117496
117482
117478
117457
117391
117372
117356
117355
117342
117340
117324
117293
117284
117267
117253
117247
117227
117220
117194
117189
117160
117145
117133
117112
117109
117107
117104
117101
117098
117094
117055
116992
116979
116967
116955
116923
116908
116894
116855
116838
116806
116785
116773
116694
116690
116672
116666
116656
116647
116645
116589
116583
116555
116542
116516
116469
116422
116389
116354
116349
116335
116310
116305
116263
116212
116165
116146
116130
116083
116079
115948
115942
115899
115883
115878
115867
115849
115827
115782
115770
115764
115751
115749
115723
115717
115712
115673
115647
115617
115602
115600
115555
115546
115540
115505
115489
115487
115463
115462
115435
115431
115429
115407
115325
115311
115240
115227
115142
115128
115126
115091
115088
115085
115080
115078
115068
115047
115040
115025
114936
114931
114930
114929
114880
114871
114868
114862
114820
114814
114810
114796
114786
114752
114733
114719
114718
114692
114665
114620
114593
114562
114519
114513
114506
114493
114475
114457
114456
114427
114399
114339
114338
114332
114298
114275
114237
114197
114172
114158
114144
114136
114113
114109
114092
114077
114071
114070
114031
114017
113998
113993
113896
113869
113862
113801
113791
113788
113756
113650
113644
113641
113613
113560
113549
113538
113507
113485
113440
113429
113394
113393
113391
113382
113368
113298
113286
113276
113274
113249
113231
113211
113201
113190
113160
113152
113110
113104
113092
113084
113023
113022
113015
113013
112993
112956
112947
112944
112927
112915
112908
112904
112894
112884
112863
112853
112851
112848
112788
112764
112744
112739
112704
112696
112690
112669
112662
112652
112628
112623
112620
112611
112597
112595
112582
112577
112553
112523
112490
112488
112485
112484
112460
112456
112438
112435
112433
112429
112422
112368
112359
112355
112351
112337
112330
112248
112239
112234
112158
112127
112090
112074
112070
112058
112050
112020
111962
111939
111937
111932
111901
111863
111797
111763
111755
111753
111743
111741
111739
111735
111714
111712
111692
111668
111620
111573
111567
111557
111545
111524
111507
111504
111500
111491
111466
111457
111431
111421
111377
111369
111338
111323
111320
111297
111289
111287
111280
111270
111268
111238
111212
111201
111181
111178
111164
111133
111099
111091
111051
111050
111048
111033
111028
111003
110999
110976
110941
110933
110909
110903
110896
110894
110877
110853
110837
110812
110732
110723
110722
110674
110651
110650
110635
110606
110595
110583
110570
110558
110547
110546
110545
110544
110528
110527
110514
110509
110489
110470
110465
110458
110456
110445
110438
110432
110425
110419
110413
110400
110347
110327
110287
110260
110259
110220
110183
110166
110159
110155
110106
110101
110040
110025
109995
109962
109959
109947
109939
109925
109902
109859
109857
109827
109777
109771
109718
109708
109690
109686
109684
109674
109672
109665
109649
109624
109595
109579
109547
109534
109498
109463
109453
109438
109436
109435
109417
109368
109356
109355
109347
109334
109286
109279
109277
109261
109219
109194
109191
109140
109130
109126
109100
109095
109066
109051
109039
109032
109029
109018
108998
108975
108965
108902
108883
108807
108786
108776
108765
108750
108748
108715
108671
108669
108652
108627
108609
108587
108538
108482
108467
108439
108428
108426
108404
108365
108289
108266
108209
108206
108138
108133
108132
108087
108083
108078
108048
108043
108021
108020
108009
107978
107932
107923
107921
107875
107873
107852
107824
107801
107777
107688
107624
107609
107591
107568
107553
107549
107492
107444
107443
107408
107400
107378
107374
107305
107255
107244
107232
107208
107193
107170
107138
107095
107091
107072
107060
107021
107012
106966
106952
106940
106931
106911
106897
106895
106879
106860
106808
106781
106775
106741
106740
106717
106689
106687
106686
106681
106652
106633
106622
106584
106561
106560
106537
106512
106509
106507
106484
106472
106443
106430
106411
106410
106409
106405
106397
106377
106373
106343
106312
106278
106275
106272
106239
106227
106188
106179
106170
106121
106097
106067
106062
106055
106032
106018
106012
106009
106004
105975
105931
105877
105857
105835
105821
105806
105793
105781
105764
105719
105717
105684
105669
105664
105656
105642
105603
105593
105584
105570
105501
105461
105420
105399
105388
105381
105348
105321
105318
105313
105302
105296
105240
105214
105202
105196
105185
105142
105132
105123
105106
105064
105027
105006
104992
104987
104982
104922
104921
104905
104841
104837
104834
104829
104825
104803
104724
104708
104697
104682
104671
104661
104657
104651
104648
104639
104632
104629
104614
104610
104597
104595
104580
104549
104524
104513
104510
104491
104474
104462
104263
104245
104216
104208
104187
104185
104178
104166
104162
104150
104145
104114
104108
104051
104018
104011
104010
104000
103972
103959
103937
103935
103923
103919
103913
103911
103903
103895
103874
103839
103811
103777
103722
103706
103688
103644
103631
103614
103605
103582
103576
103569
103550
103545
103543
103462
103460
103425
103411
103410
103379
103361
103347
103340
103301
103266
103210
103206
103203
103188
103186
103157
103145
103133
103107
103105
103078
103072
103064
103053
103043
103020
103002
102988
102970
102962
102961
102951
102938
102931
102905
102882
102848
102832
102831
102807
102717
102698
102677
102651
102648
102630
102585
102561
102556
102555
102548
102539
102515
102511
102496
102486
102467
102457
102431
102429