521179
443536
327880
522198
482169
532414
404958
396059
461910
452347
541869
457426
452687
495955
428344
307431
536732
517480
489953
446291
305087
339459
307964
487222
540183
348397
301395
437039
512445
426962
478661
335746
319624
490014
506160
480932
526521
443931
424479
528938
510927
448506
362808
518090
499619
392586
417150
450142
371608
511397
469236
319591
379844
387181
470178
312989
471037
441289
369525
370822
308843
483035
440179
523132
500674
362163
505018
420317
408065
410802
421438
476329
408463
514226
344484
376828
300274
483714
391532
409910
498539
448278
302527
430768
405660
336157
409895
319202
535039
363304
457223
340103
389022
426501
490093
475818
312280
481501
307302
452468
515008
310550
382521
458739
501653
380638
426657
450279
447321
313123
514926
300219
463905
345671
524681
373343
443226
342742
438740
444987
401119
541467
321151
490245
379054
420352
414972
500063
468971
368514
452031
512655
387400
407690
350626
328611
331607
377478
471036
469324
439054
323786
398262
426842
481300
523549
472288
505389
488405
476800
489420
521165
523813
347693
366965
517956
465368
370680
345105
457073
492485
318234
302313
450297
353103
491263
396022
495379
475559
464979
366157
348386
323246
469143
474895
428108
405587
394938
487172
383002
364135
479314
527354
387823
483818
401767
363132
507446
319699
355007
448652
392919
535953
450324
418282
466851
337657
393101
428092
356102
494563
496735
453198
312628
395232
333514
299654
304282
486218
468260
526312
415020
435378
315938
377561
541225
490044
315194
465377
328032
514545
536761
328377
464187
308477
346799
302962
466851
386389
302842
421781
333953
449319
326496
484910
373456
419033
421887
385203
367002
323706
526137
321615
482414
394657
475728
409975
502661
335798
382238
527039
360004
328222
424963
312397
438012
457641
478782
539905
330424
331196
370978
415055
429179
539791
477442
465315
386918
508212
442770
415227
486763
413421
458315
474062
504679
438103
333359
407027
453802
424078
497095
416224
468774
387234
539527
434631
471576
397702
423299
348434
515487
346154
525586
429633
511794
445542
308706
410136
426005
332689
348392
391057
446599
373651
487993
356698
491602
339221
374801
320008
333626
387311
404307
514585
522777
412687
431718
472642
495515
391994
384437
477043
384929
325823
394910
341537
508122
515447
391883
398164
338718
372013
453446
528624
328158
344764
378665
457622
327357
421305
315914
529886
418267
443441
379473
444606
346226
446465
342925
526945
372844
334932
541828
496323
506831
305323
476106
351931
431110
486942
320757
388972
332308
408477
382862
315019
317421
318638
328329
424646
419327
400732
442598
370747
400076
513809
340511
344385
334855
318317
466880
437322
407397
311661
405701
316871
510047
379922
336849
526186
439931
373537
530728
354434
393978
363783
451915
403377
311676
463413
520369
497941
528445
355537
396297
437827
400218
318487
441084
451792
473317
304850
417512
407252
514673
373141
348795
316740
484028
474551
382510
513243
513622
489029
421732
326655
306869
491680
389761
342864
507244
439614
462850
402224
378804
406196
456657
388921
319456
455627
462110
382487
397347
494954
375902
372928
314573
459494
478672
530160
328163
525764
507898
464461
490211
334859
540088
483092
432531
512366
356981
539240
506041
454446
416474
382188
346140
406416
417035
308901
518563
312075
510536
303326
447164
456872
335622
325023
460338
426174
514142
432878
443829
433474
488198
517074
321138
499121
336322
512460
434423
518659
536809
362683
352146
401159
524033
350980
400924
498587
321505
322542
349157
399665
398216
488354
419389
371103
413956
496931
339101
461089
337640
518611
512949
508385
526966
434098
458699
339528
304572
472572
323588
389166
460549
355943
328790
468396
491062
430174
461183
537331
421086
304861
400450
327999
456640
493668
331935
535950
481715
438013
325377
510832
359622
359599
415537
459128
306947
333285
352135
390157
479783
421791
503737
323435
343122
329234
453145
503762
438670
351894
469918
403192
335588
318459
535289
461704
401876
360714
505181
507988
454452
333238
539754
478259
539368
386845
356787
300257
483959
359752
436212
463591
318034
379312
343413
460398
505389
493006
521458
453071
338226
345769
441331
370370
444136
525076
404644
462439
406588
345534
528718
323598
457257
529724
326513
323449
529195
527180
306621
385974
485962
352726
515261
388301
494446
358167
400729
415900
417034
475673
303530
302553
320419
512058
514997
377834
539863
505298
407626
394516
313376
415770
530459
373063
447204
420232
532935
419832
408677
425439
448499
480215
361723
526662
340960
435104
413022
307707
449146
383765
395076
352307
411298
503232
409733
382685
467064
302452
346062
508825
344901
368973
316097
489486
434270
404141
456517
349431
342565
475576
402597
458493
343714
364107
531157
355749
503990
459838
376772
325660
415662
464865
377742
377720
450598
474646
479848
432948
357610
477754
371305
445673
472069
328200
301194
454821
511609
463226
530385
479234
515298
304201
301175
304037
374768
479251
415597
457480
336517
320920
500832
322110
460161
519859
435594
500568
379526
351124
342544
371063
507656
467661
307666
321498
493945
403642
404534
445361
355757
317603
464933
421578
490947
396066
493036
351260
451389
480561
404589
375644
357416
381497
337987
480500
339801
318186
513941
319434
432228
479856
485691
468535
299383
391978
302373
526711
512702
528501
350474
470572
399399
527689
304106
424017
313529
425293
381675
335160
321419
328777
448468
410254
376146
396362
426368
423059
340855
335628
528330
414907
412738
539945
301819
316455
331767
491461
302732
501443
314206
319529
420675
471627
342957
422291
471301
540739
347317
495133
522770
513953
398523
459553
461838
494728
383598
339814
522069
391768
541844
496295
375221
480495
431624
371325
307695
429768
426626
512386
405084
347213
366593
444836
427444
313600
509394
399839
332216
498754
415475
367253
319792
337395
474326
528105
424987
459768
518276
448627
516944
300362
512370
536307
495290
317128
375646
446116
496505
506026
539759
539853
393083
328602
418126
458641
528677
336170
389844
503429
438354
501520
448086
516232
538805
326991
531663
492820
490593
475244
327627
403881
536215
540890
522909
444868
313483
358972
396999
315435
459296
401614
541809
489388
469370
319415
505324
487450
512424
504550
355910
493899
358488
304720
534903
470423
503049
465200
474996
320632
353816
334950
467115
475428
405150
401148
380245
354366
534729
534222
507832
469395
483190
519454
394577
459102
311760
461619
367619
505376
540587
539560
469416
345967
492351
532407
480030
483731
332019
531816
481011
394731
468497
488324
320295
346982
444987
417605
326719
359943
347221
488509
447887
487158
420187
439458
453788
424623
380304
471449
536793
465156
539313
480873
432364
537990
353271
486095
514077
334199
357757
348078
353608
305169
424707
326174
510093
436312
518472
330601
473384
453590
355984
469005
353101
499847
364653
300463
531449
302945
433263
332744
355289
379131
533017
385063
342196
349630
459077
357007
519274
489046
345270
428544
344202
374728
495010
483161
414730
527643
451151
432801
451633
532000
534931
455818
534602
377567
394773
520908
465972
389684
540442
380514
491201
434064
514574
463455
351924
325059
411581
462100
374784
348040
380259
382574
402885
353920
516659
497687
348021
406465
429461
374209
402480
475599
407368
524935
325349
464474
436047
409397
322766
441820
338817
308768
357615
506579
522213
344845
470341
368145
398027
422824
510725
371268
315726
509510
448956
362732
516112
480750
512843
419004
383554
311158
328398
318320
490549
377983
336761
382221
517139
322390
370783
384942
362462
455198
305363
427977
424679
460210
524977
362900
301255
507630
511545
347020
377987
362082
520455
428909
311260
463367
355511
446343
310680
487936
306671
484650
525489
348114
425890
315286
431309
366075
508408
428302
506088
460874
535996
519218
457594
518300
472950
342955
329116
344865
376759
320088
452074
387012
344554
377591
312826
313192
427495
322730
490472
363272
518700
423685
533154
303525
520950
513198
476056
301039
367616
492456
365805
387784
448230
464520
432956
478652
472457
450325
303802
493014
331136
440825
434555
380124
406473
320293
320544
522240
454756
316327
500410
447038
359161
412666
325624
302956
521952
386494
357316
422439
434587
443401
341750
453823
483234
431490
462769
370793
377544
369181
440463
428429
300300
358867
417053
350971
435387
502782
399474
521258
327547
304158
383560
363718
425537
375747
502934
365288
541592
335419
451529
474850
434186
304555
482862
466162
535773
305261
327744
528650
350701
408510
304449
487173
526330
479653
515012
465822
434387
486059
412949
519320
361840
474241
432015
309504
496956
444635
498443
504466
358704
494397
307133
509280
359058
455523
437243
377475
519507
502681
323169
488911
334618
524008
359112
442821
422719
500724
364942
521824
461367
344603
516193
359929
533677
302323
419317
447023
521794
363935
405239
361548
372706
348855
324959
389946
540963
348341
373272
520110
516794
386277
409803
345310
309163
436375
328111
476252
413820
412164
339445
400414
345713
366283
443618
332564
444070
464223
405123
516064
480308
413989
422200
512017
440350
529149
490301
453902
511529
485670
439061
317280
386627
404139
490245
321052
532743
383735
307807
439581
346832
522831
506577
455045
318051
300180
428887
479559
472526
332161
433697
332605
438210
534204
315587
430211
332884
506150
304321
307119
465437
368419
533555
498028
435764
439066
336298
457111
331963
489114
460064
369916
453216
527828
506561
353860
345558
394320
530379
425489
364149
371232
439408
334991
416026
490614
307193
333414
417901
323793
541047
363986
534602
452158
446266
487448
309292
372133
421532
341154
328525
530342
415727
402400
478353
358037
363091
516937
406670
387750
394716
469148
513700
337003
482032
312897
386907
526664
325952
498707
397367
418792
402566
362112
395729
495355
530339
335477
500321
517620
422081
465262
375927
441593
368154
515767
324838
418804
381428
420613
410487
340829
436253
499296
424683
424553
477018
528129
497389
457713
536978
353107
486756
411918
424332
470741
358340
455533
476766
417407
489127
300787
467005
403783
382290
519663
336643
526590
439721
329938
312442
370959
532151
400027
428785
375365
431795
476940
487467
438795
513141
341599
339794
515553
487433
412611
534486
424668
308800
479898
326404
360861
379220
433722
518140
338503
432922
507664
536351
321223
461514
361876
413185
304445
498192
358481
484429
446178
329475
375621
311093
404592
338629
496792
319320
530097
420376
360368
333553
426297
401420
339464
432908
323593
424859
482241
372845
370769
357202
406255
317078
385599
338946
530602
514902
403940
361709
447873
310371
320859
372487
387696
346992
370032
338435
379663
394457
325212
407200
530370
473843
438259
480635
537567
357870
506002
386839
392295
464216
407471
336406
427836
344510
413270
457463
360211
360435
471347
506089
355109
393874
530554
383598
485297
302290
460841
429210
526509
382496
462843
337985
477702
362284
520677
348175
528816
416865
536053
305609
497317
528313
339640
341093
512156
477174
420582
481101
385084
327244
352300
391184
412341
355089
504378
459650
495987
540517
487966
390594
414701
346597
433993
377602
452588
417393
398028
464769
477811
372006
369797
507665
315132
350037
324308
481820
537090
473407
367847
324061
357752
462078
431249
396028
409559
426065
399060
417185
424076
388570
504889
436243
326254
344302
466576
372041
540268
522920
508762
363219
384759
305463
328157
406088
384338
361369
473478
323198
528723
406658
470519
434564
303619
377977
416682
314821
412786
433972
484348
388867
354332
389064
484384
329459
339050
488639
408793
396192
320454
448219
384518
533324
353264
534419
474605
391643
484132
359656
346683
499526
534308
363817
305138
442992
522775
476299
440128
407719
445645
374364
416871
437059
531699
302822
457234
420473
490935
454932
321002
424664
361229
363088
361426
391892
408595
452112
435618
365953
517615
486459
540616
501983
465796
393000
416150
450666
508692
423147
470566
503834
396188
492516
304219
413175
369205
485640
330637
482500
447890
524753
436565
541117
346760
320708
400848
454714
356266
300373
538719
443054
357960
406005
443371
490657
535905
466475
492243
525040
532529
516423
522617
433806
404297
401891
500055
516384
379431
429669
455979
347333
460869
516034
329571
429736
376894
392697
443010
455362
390126
451731
475398
372498
371970
426324
468203
313171
373114
453384
470527
304233
301817
314095
451234
478829
399748
327509
399861
442978
491484
442862
316244
313551
424858
441008
356762
384580
329761
454065
302277
305535
473875
425339
518034
310251
418221
329409
367401
463520
307110
481158
535765
480315
364635
402276
471501
346431
490527
345251
347476
310811
397239
331791
504790
419231
507590
331481
427058
327859
364824
447052
450806
444599
520281
477972
512777
340493
377714
336475
520324
346324
388711
541072
410895
473815
441281
475152
336510
423230
310868
495983
403351
468143
514028
419962
316931
368108
324930
417849
312283
405439
386212
439095
405456
512195
530793
369527
322727
537133
525673
448530
490347
410245
464940
466841
510274
519774
354767
508237
499919
364304
370510
461786
524392
324308
416721
340661
396200
410988
493667
389828
338400
382015
361901
437008
390290
456014
508958
532672
349636
347477
540497
487216
358166
500291
494454
321676
485892
420646
392073
435542
419748
389061
339871
340941
392434
334438
421732
485476
522362
513919
394056
412518
434066
468768
380339
518359
342358
425372
428646
320439
372555
405904
521739
480784
488474
346541
475284
324696
334880
512442
321920
506045
316947
404539
360793
354542
516628
420148
497200
462812
527122
439079
448748
337231
401458
359629
347517
360080
403967
415841
455892
413256
425704
378816
371333
540785
519209
414144
461186
440943
499575
361698
427828
449333
500341
324035
409818
384642
317722
462670
364999
435627
375055
442168
346014
324428
422996
538711
470708
405079
377003
488925
455820
448953
410593
405741
498307
353528
381679
395470
404520
338525
444979
343742
519623
374758
458697
521242
537266
463307
486668
498755
483173
502590
516189
480486
438228
346415
483898
435442
506790
399879
443029
313487
410566
344460
435018
510923
403781
475279
392070
487861
390650
456171
341713
489847
314686
410508
359263
474561
385425
365698
456050
356283
350591
413225
380390
493950
405438
396693
351401
385936
355722
541612
378041
417274
305840
338825
434260
504548
380846
390034
437012
505627
538461
331585
498992
510318
421264
511946
477490
428258
389753
447145
333377
331508
434199
390696
493238
367782
309954
313060
304702
355155
516053
440469
475227
534292
399536
509335
457748
355361
499513
351740
524025
317644
489215
344090
344316
500697
510188
522551
476211
420780
467733
416086
301993
512777
346476
491369
304738
484872
516037
377347
493684
455185
526608
413462
537442
407567
477705
492753
303499
445127
409463
525986
444262
385268
334710
498966
492648
391224
505879
538146
450571
316894
422287
313509
299135
416011
439183
384150
512449
334621
364495
387332
424820
449367
299479
396337
450640
450712
368384
540793
301620
350194
434853
382172
347076
330744
366439
469640
424214
340709
408895
494354
381222
499708
436117
388764
529911
310406
300677
328700
505395
347476
486969
447147
449064
316060
533447
538450
524249
463758
332169
368945
341329
389672
304312
405549
439077
469561
488561
466627
455348
522874
498559
404036
448535
469370
312121
456963
403808
368002
476594
345934
322623
536347
408966
329428
525053
477796
342859
315996
420389
487411
354614
342007
345275
488119
486928
438342
420115
492396
369751
412559
302428
427319
356634
513820
530613
534654
390629
425824
520754
433838
396305
318454
501623
324343
386607
483320
444430
540547
315479
328823
522949
467057
519352
419179
530272
501615
354056
489583
488207
421300
416418
442963
356648
526301
411663
301675
343780
500814
530986
471115
368728
405169
346948
427668
359282
538256
489157
418417
525837
445499
488618
338604
378478
517506
439956
306635
530338
379505
369242
337947
338634
332836
328090
459936
392061
393428
343315
428954
367388
465096
499126
432586
410529
447080
361819
515986
305099
408481
302670
525166
466967
370756
412065
329960
443817
402667
527812
406583
346576
516549
358824
303010
437700
339150
419506
309502
539561
345818
402775
497186
489686
356280
335084
307568
349087
537579
534040
498221
363798
385887
389336
453106
364351
396593
383467
441093
374484
368469
472533
440156
401664
366067
371590
493219
439618
319816
362710
390558
403681
523120
413462
344915
372112
465351
507458
376456
400193
527785
455097
330308
399653
338874
303267
324365
459543
299414
512106
307644
451757
407735
328642
344045
447510
386725
409050
511460
378221
490182
484630
465561
517071
305703
532080
510549
536467
459794
404944
484750
517066
477472
493290
462811
526926
498250
424038
443642
481807
461342
409583
500666
308526
524804
341481
458991
422664
330525
301251
386059
406923
468058
328967
393023
389071
472258
461389
499338
482229
405209
422802
517746
347358
481520
328251
495631
520422
468877
371507
344794
509104
305351
523274
376715
404529
341440
415705
378861
485904
540425
349328
523275
315617
321526
422609
306014
356655
536284
529598
339885
400633
536744
501637
331753
446742
319845
442931
407471
516901
299059
497793
384533
443165
463771
312001
462995
482630
414701
479638
521971
374250
427713
350724
403603
329977
375178
518905
510198
375714
427076
535285
353286
397884
425296
386478
513768
315444
306371
508439
334973
371035
308708
436871
368919
514524
377329
336378
366778
428585
452930
420422
345277
506716
527602
415429
518397
527641
432828
465426
307818
324311
531600
457928
353292
403294
469959
521365
498781
515695
484619
485566
452602
430300
397567
309817
488323
417677
528919
387057
411660
445869
309212
315128
374516
415391
346910
340429
357320
460842
515230
360712
493399
393309
510885
367549
532569
478051
498019
328185
378319
370662
377687
526456
402445
368556
334824
475176
457100
348835
400509
447862
415779
451658
389078
447209
417067
320895
410546
468595
533610
420530
527165
419186
459603
477921
332890
345741
470497
395766
329013
534173
441778
327147
308482
489832
355579
493347
363810
422421
538268
343528
344329
521911
423905
404723
317692
323641
488809
444334
308881
383006
448694
330526
314277
403378
529091
305542
350263
465492
316182
538994
329356
435365
367908
330487
498025
469060
330865
478059
511758
315686
310369
420602
466570
403457
511616
414488
341254
332981
507391
313971
423741
339760
407396
324936
317023
398891
304372
495052
344942
474213
357521
527440
503559
352357
327845
383884
328241
485604
386312
418911
348022
430576
350525
500962
313883
326610
526832
483677
497608
465129
512707
353439
538515
343432
523497
529798
478606
377980
344023
448588
468800
368344
399368
318823
379999
322388
357019
342810
369437
439428
508433
464908
348832
410678
508099
449316
398671
528042
443628
435222
525919
372565
439791
374288
381713
424705
518299
486971
307235
304994
366161
495601
300470
414212
510418
414202
409041
321156
465987
352601
442446
350483
356405
357489
393350
412199
533792
380005
389283
416677
430642
401837
362289
307345
409406
325827
477420
388430
535828
500574
530656
324044
512094
390435
364199
387213
372774
308726
495742
398959
338148
506999
450718
337444
366337
486061
414386
408115
470970
335927
317432
329236
487604
469647
476504
424122
480955
323018
442941
474663
457087
444612
530784
419046
490077
430185
475154
497775
512500
359394
421318
455714
382730
390092
316774
339801
533840
537301
372136
508660
303242
307301
448753
451389
370209
535370
347474
486621
370297
346820
355778
527943
506036
317834
380920
450076
451583
466686
327074
331347
445693
508829
483113
431368
427677
385958
395732
460203
313343
319655
308916
346622
386080
520209
532410
394523
329248
507699
452571
300844
524274
365530
304071
442663
515514
402383
438697
422066
441159
421363
534703
326674
333927
477813
531872
437318
351835
328251
370962
446613
486950
492432
452005
368217
503736
332280
384452
435732
476929
466976
425294
455909
340033
476936
327602
405931
347002
349223
489427
431763
415881
309731
392477
389262
341353
313782
381504
335613
318669
327885
492767
367428
513913
509901
312861
404525
524595
513189
527219
435124
349481
519200
415442
369723
301411
342733
456830
343841
396061
314840
515646
350729
409618
362850
452125
428807
315429
509902
527476
328023
308137
444462
320778
413279
480323
541995
494996
306620
410164
504141
432720
461427
465063
369251
322579
447438
306898
356642
306066
349235
376165
361976
489900
356426
461030
391301
365459
324922
515715
340999
431436
438433
499352
449306
517079
507451
505149
338530
403573
523943
311070
353871
414512
487320
456492
495702
496614
313411
422233
423786
363608
306564
473889
322348
392597
487302
540594
436801
387380
399089
512195
363356
507486
416625
348599
341727
401204
347517
497557
374186
448842
499466
354823
434365
441996
401409
396374
351222
488532
414708
359391
344889
455549
459474
502196
386392
328830
322625
420687
411093
400648
334822
444639
311487
392180
420790
320970
343338
477935
349850
432308
431193
429621
334166
307229
534464
464106
441561
301677
379556
484887
314443
519548
528444
485929
314125
347765
394688
322622
430640
487718
371366
311284
517145
435169
379966
513716
433160
467897
472007
527923
348203
478270
344520
356567
531606
333866
484222
405503
366806
487548
515611
391023
521502
478552
517315
389225
485302
315443
409670
415964
310435
531357
334937
333831
336532
395631
325983
421723
394428
456089
515002
521506
319225
461312
485274
453010
367447
405973
328926
358614
312975
536571
532787
331687
369489
300564
428417
394848
418969
415586
304555
467279
483835
364372
511208
320433
406727
305406
461942
418509
434482
514087
486302
430676
430460
418839
350651
358152
312048
521821
434494
396311
383792
436727
309444
500163
415878
425907
431988
531279
342235
438912
427036
452565
352334
411734
434060
300682
443329
498250
538865
502278
361178
338892
447008
448036
350104
425615
446941
525875
330466
503791
538522
511715
370879
314839
301069
526114
457859
486055
317114
385981
410922
460505
480050
444202
465421
495235
536764
392574
424118
514810
365594
424906
439674
423334
308296
355517
439450
535793
458226
384459
497262
384448
541934
310213
511974
491038
418595
396762
424585
420717
519560
423944
347281
541311
315645
475928
347941
318433
478420
499449
501264
313922
354157
414738
511799
327414
441662
523060
323302
402914
430828
310997
300685
444934
477598
480454
464666
466773
421197
351045
341973
469599
491655
532329
409907
407206
437328
532887
485876
453398
360432
399883
333239
401559
401077
328229
490548
402474
425117
505918
403258
459459
484515
531878
447239
376110
441024
530393
480450
303082
510772
330807
403547
429621
495481
490552
380718
513623
448694
394538
481090
534152
398965
510019
375842
301717
390320
460670
476306
347685
415140
486267
452263
541814
484148
399801
402068
358646
347362
319828
491355
519910
446342
459481
351992
487210
509465
477016
495936
436162
445044
379267
510634
392131
405796
300470
474406
511066
415659
471797
319964
315204
390486
444860
438407
341231
531715
520400
366487
357163
422095
324076
436995
376585
425616
535729
476427
482398
522498
439947
370337
514715
300773
354144
399186
371925
429414
482783
538653
407216
515115
419651
500692
493593
401784
364828
524751
501212
499711
346421
381527
338182
493369
452522
376485
437803
335453
513443
309760
487833
300859
391523
425800
537352
373220
342997
378883
493022
336286
314378
492980
413589
364537
433509
537885
313497
382550
372838
413617
413907
479278
501823
506504
424031
530798
314259
398130
356966
329843
428271
381935
377272
440969
452724
420501
490712
364114
332147
445619
528851
356821
382838
414116
323580
414271
457757
322499
478679
488886
503134
322432
510458
346617
512607
451880
363551
307154
330149
476549
392149
527430
307836
448806
373470
432572
346861
539688
332820
436951
336574
315492
458104
465682
527963
427218
483997
407206
520522
369457
365676
461919
416864
302206
516609
450010
341825
362029
541715
370877
341249
540260
346801
361532
424400
397863
396077
520650
442305
351387
316207
311265
420203
481619
431263
347933
485903
462531
471909
438888
465912
484481
392446
409895
518124
431799
434081
504497
344068
489317
351415
532541
416802
510093
305049
516736
337861
502534
407507
499391
449337
376574
321122
435808
419543
474684
505982
362362
391389
371697
480624
414408
450109
402686
463493
536287
485777
317931
401834
421158
498294
500667
317744
321722
322701
468047
404695
484795
300998
482316
486670
320051
424673
425776
317169
455047
405945
320734
326112
428037
493183
352153
503649
513623
307620
515986
316083
319914
496578
409295
390483
470261
448731
475540
467133
419396
440391
494540
361029
313241
318752
516820
412811
535844
313606
448681
423449
380081
432068
419181
374183
365218
526118
398409
330661
333943
380259
426682
510823
539463
459060
485387
387814
471488
370621
453200
375394
410445
443544
386055
362320
373975
513645
424137
503723
340495
434813
310072
346649
357051
394162
514228
389716
434914
380604
393042
493538
436484
535147
527836
411490
521735
369975
434193
422740
308736
335173
332793
383758
476165
368441
480757
396447
469212
351944
445752
517745
401095
318126
322367
358769
407519
429307
492890
477599
513298
346550
446032
401096
477038
317210
414713
483140
334587
449567
458671
493322
336833
432679
314632
305480
411396
411804
319524
476258
520479
455557
536451
530894
537906
332990
389462
445223
523329
318856
534996
445701
500796
538987
446320
498953
394704
392401
378567
344102
484874
451034
375583
372747
431029
496372
465894
503681
471895
429614
304419
444670
439946
415220
537983
333231
404371
329753
384119
349913
368099
457418
353932
362623
444124
501986
402734
334543
308504
484261
437670
346694
529244
372621
354234
472875
437040
540412
450487
412911
361562
476006
379731
345007
514052
381614
516216
526461
421568
362720
412574
447246
315483
388423
334165
340013
538200
354756
347487
521697
537286
443752
354775
392384
483248
307568
473341
504734
360869
334829
375734
450002
520705
324041
326135
442501
433017
508337
344654
431208
443859
445430
478952
362337
400256
356999
325744
420017
454534
338773
506378
313158
458269
536684
362933
323685
379675
380579
388897
371474
524609
540919
318634
528033
369706
336767
304358
344841
351127
333303
474940
307022
429689
362735
399648
389053
492066
351147
540255
488772
539163
510649
303916
336630
332180
498496
540966
402715
324200
497134
408687
354213
340093
481857
432130
408949
335498
502922
392414
480871
452308
455418
328880
419759
381406
382351
389429
438709
522695
449349
505891
467534
478372
531835
516542
472413
405663
458624
347346
441224
495052
319830
504483
370351
324166
518440
346640
500058
468202
487654
518174
447968
350387
473629
352407
372891
426153
423197
464004
403541
376945
413745
465290
329820
354385
307009
410760
508694
385192
387143
479621
316571
483508
466658
459797
535513
416668
423169
483556
422419
461170
319830
523436
459514
372944
304689
390681
312660
315504
529239
420548
540264
469670
389223
338062
395310
363918
431507
425969
453360
331467
339476
508135
303831
477964
528375
351776
318250
532661
458000
360311
510754
430219
386050
432223
529291
484430
518826
366258
408755
345517
512227
378743
405058
496718
381011
389703
336057
419608
472064
337102
309905
410483
345653
474692
327365
481693
322158
325143
513684
421301
514821
522469
301291
396776
326565
504087
421495
445205
385969
313438
531510
403018
518928
332027
387339
444736
453552
474538
500810
394630
348327
467238
319886
528732
371357
361326
497167
530356
486007
412610
370588
519982
394064
455709
359139
350759
541696
387587
443372
373474
389288
403957
523136
315940
425215
403831
426173
362471
395315
346724
528737
328117
472423
454495
397941
501978
445845
448501
518227
440388
540048
330023
342483
378158
528785
322385
452858
490531
377048
304088
480362
378954
462244
313828
476047
458515
371556
299234
485065
418481
414692
327873
376089
344294
471129
483904
435701
373143
472279
304687
392972
459299
362085
483678
500897
373818
423193
337052
413044
468745
509999
459615
514905
452120
491524
339584
428070
366506
499188
530913
484229
513240
533991
460071
302459
526564
326859
395609
528316
432649
449775
417828
529838
486182
541105
488718
401556
361465
529324
460659
349747
396237
332596
496065
452881
395910
454040
376342
517531
304571
498879
533400
315284
319490
514129
443349
487578
391803
360231
530576
515880
422432
525863
466524
390446
368111
376230
521340
322879
495341
490629
535620
500229
518665
371402
369256
330337
445051
377672
540010
478683
347802
316778
528970
323583
526898
342359
385479
427611
311669
407892
498728
471984
532214
300138
418736
326646
305720
354081
506064
498851
535704
451987
525818
433837
440339
442763
447004
429990
455581
359763
419802
439308
372567
396297
377869
435067
334637
512144
321389
309405
415665
320208
404735
468987
417028
420843
308660
474506
361401
379399
436327
483098
451970
421708
418514
522620
356866
376022
500927
507305
425259
504877
516061
430368
346027
341439
319581
422534
513387
477105
532353
501315
376621
485062
426181
368538
333088
449209
534142
485007
473084
483179
390683
382718
346274
471595
504853
300856
385951
517208
340560
443295
370083
306223
435737
336304
537441
527327
442600
447538
331783
389544
479658
387905
414370
371982
399450
395858
341175
379216
484324
402563
318847
499695
375422
485250
345783
310521
499330
466183
500177
506797
421930
307912
377525
498623
378904
537311
483381
448456
468358
326017
320724
339315
383684
303705
478274
349133
349927
322655
307379
422240
341234
498675
337518
389269
521962
471917
344508
333240
460413
488835
421156
434811
502695
375783
321895
541649
536965
523236
321271
524776
391784
392596
478407
366106
421928
342087
321471
520219
385889
331788
518646
519124
430053
443139
319175
331548
301004
360859
461444
334641
383353
441761
351894
464712
349443
424255
315224
358617
399829
398793
341877
468177
510902
343064
442399
517202
414751
346825
379862
492409
371366
360262
345481
421570
398929
482227
503560
311886
328154
403681
524087
504984
512317
335964
455385
306766
379421
425791
407508
303997
518515
430000
426642
484005
390584
354194
467700
513297
426671
374542
477009
523653
349024
464258
448449
337788
398770
520304
417664
367934
342203
381205
303658
474915
513490
317288
352675
440640
434248
334377
466467
518597
417100
345660
484083
299478
408219
351475
540529
423129
469714
351303
440166
391137
518632
317187
354429
335699
524207
347434
455815
449872
532486
387666
455490
440157
460585
508860
501333
468363
491013
379853
534444
413574
384553
419424
409530
362878
442295
400151
338418
504139
303616
385650
437079
316891
512189
325529
532810
330752
382562
357694
335282
444124
424591
447841
330043
325451
538974
384389
476100
404496
377522
533837
512610
428124
502282
311831
368724
334325
525608
321261
496364
405285
483788
349796
462668
455084
475093
401371
439122
429479
475908
326246
305812
327347
451118
335590
442701
309070
453123
499953
328044
311250
489407
359477
475140
472638
379116
390821
405911
345079
435301
540933
467511
450398
475575
303284
382249
449969
529702
442454
511991
371612
317430
357792
306282
481353
420198
307075
492994
419868
481679
448093
463531
347798
430705
434769
407695
310616
419901
358817
308857
514466
312991
453666
464497
307134
348653
343401
371231
475895
514062
444321
522832
434220
475833
320242
436848
530905
361601
492981
474321
441289
405087
360000
530631
487488
382220
476184
401683
508281
389561
421678
507700
518817
506660
470252
535461
432189
450291
381294
473970
493681
355437
372664
423668
495521
368198
355321
497573
473732
343351
500442
488716
511669
493724
381819
383281
441416
492632
339092
379498
322089
352906
430536
450324
499678
422085
308186
532970
421181
393501
443399
338770
349732
372858
460999
417462
304027
339725
354892
393252
470231
341371
366309
384174
445399
504219
447843
431314
422883
337245
527888
482371
448209
516686
333046
468768
318028
447813
520987
321319
386637
472327
431982
440745
363230
527641
522672
532512
451673
399420
311893
393668
330343
309736
538627
455898
364236
304986
382183
359463
300996
518961
536240
341802
517864
530375
511420
463021
355474
389154
305519
369072
300811
308107
304440
434875
462025
494360
308849
522426
484041
496859
456222
305153
375896
402153
537295
369066
494603
346528
316278
445583
429240
511344
485257
371668
388585
364217
533093
357605
427668
481510
519774
386988
414035
449992
535089
506682
504711
492525
488328
473235
309639
362316
448712
433131
492005
363306
444443
540802
335691
416132
486417
410608
443067
330943
378378
454419
511029
421519
430027
437811
431174
524928
324251
526668
517642
344791
316114
478306
490456
355585
331375
520256
398103
367665
495327
414843
457502
345182
339530
327708
333017
391326
469531
504139
467078
486982
404267
334150
356509
350401
510800
307272
405367
488603
412528
516258
506812
423456
437853
503511
396561
537732
369176
351422
395514
384641
500160
431743
489398
335571
482647
394906
499568
348347
428305
484537
310995
525358
404623
320152
497425
537381
388842
331709
532048
370527
374294
521208
359888
303786
501321
482353
350205
524529
360129
511229
531679
355876
473902
314160
534368
397471
540754
457455
441774
390637
392377
415230
463395
429716
527224
425887
522808
344628
539320
501187
481605
420788
432350
337557
356908
437508
518930
508561
341167
358522
444414
344505
356251
399490
498358
306790
331512
458355
362570
487692
358424
348947
314375
513301
538441
371694
392455
307326
374127
339703
430951
518125
416797
528463
419184
393582
333483
473533
541685
479428
388514
312772
499553
349370
492936
419522
444301
307396
450545
500634
431959
420608
395245
494744
402335
464813
534955
460645
460006
338027
526903
439848
327015
468331
397366
497963
342602
479781
327153
453656
438773
448457
387164
460924
345000
358760
320536
525215
312995
439198
481866
420727
468714
529614
426830
318521
420944
398963
379701
440455
451073
469490
417829
447958
462712
541110
454759
486598
349752
353696
422855
515848
315000
508085
388628
531424
444859
528376
538543
426636
514479
300615
418425
475137
505758
391922
511790
361797
329549
364332
457766
531362
362773
320773
483813
331765
389974
506527
439150
488198
513775
317859
477157
363021
520002
429964
490945
324208
374239
386032
439356
324332
366866
322315
329826
384307
520094
380851
426369
459662
538304
495378
300743
429107
511230
417656
540023
339795
442835
522927
310350
392458
450408
300416
389072
448550
426290
477781
501083
513985
351292
350493
398344
489791
434010
309742
363825
407826
447273
413426
370933
464853
480306
502301
530294
351231
390962
447163
500042
320024
419411
469517
357780
394602
503011
324643
330009
398341
439337
307320
458563
366568
400240
532134
408686
517640
487108
379660
341960
362446
477838
309045
328551
524796
339848
524389
418350
302579
503262
412264
404217
360735
428970
343228
333756
445330
341770
456270
443098
466663
322044
353581
508138
312605
498105
355424
331754
413793
337598
466465
311778
497589
438636
509813
519714
425183
454753
375908
356039
380210
509900
309729
397680
436877
444602
341197
456009
419337
367239
521158
524540
474329
446986
329264
379958
436665
381242
442406
338433
397075
474817
385509
526930
358862
301345
474544
388955
304993
380755
311327
442287
480502
537739
362210
334562
334352
400180
538932
336321
450461
344751
527945
363290
459451
408636
344578
451135
343057
519331
480086
391632
413202
412792
347016
336045
513567
389882
386522
397887
365997
366774
382172
393495
363275
516265
471403
323639
356119
368224
475579
442310
327740
455505
442320
326989
309289
424055
383948
370513
440736
345828
337194
486552
495275
419283
540522
415074
339417
303070
540902
430219
305944
499084
427258
436069
481045
334717
354350
457685
476391
437100
306421
369902
490940
538105
376441
396170
318999
503787
456980
460020
495611
487404
347985
467236
425904
362446
316526
468106
499871
339964
534138
501767
339280
369343
361522
394231
359023
307179
463011
407407
349271
306481
363588
498370
479199
400885
416025
338212
444971
314623
506310
480774
388630
520378
466059
538280
498965
492902
440030
420744
330230
439486
377688
500215
351056
421855
394019
341487
311992
408142
531377
379653
540371
538564
482916
530303
524052
299620
410071
445969
493278
537089
339223
518146
371641
470355
346754
389708
302676
540854
319512
489706
326174
444771
541143
397165
506846
458873
334734
318231
300071
437885
411118
519093
505003
368279
454168
400511
486421
476895
433692
368722
332211
464835
369499
478745
328678
508530
521016
525378
513982
523212
538657
519667
304275
455939
496027
522134
461297
452620
403962
475398
510107
354820
487382
518247
477178
352208
420789
379155
350257
315592
492477
467721
485003
317417
471437
371881
531606
518188
361240
443766
475047
380880
531595
509902
367757
426169
509684
403472
390662
370628
465004
493947
354384
425273
528870
383468
506963
406205
342083
363906
330844
400980
353934
346477
360742
519215
431155
322180
406880
319069
392997
427270
323059
503000
429122
483400
325971
324645
333343
448440
454768
440563
343123
450664
301831
315817
361479
476755
498537
374912
375353
347558
300451
393390
354077
324689
478862
415533
526795
497525
522474
386148
512439
469912
490340
530230
427669
512285
315130
353567
459991
383663
448031
398261
512418
430371
306114
499658
426659
410967
483105
321108
377032
417381
412609
307996
496194
466935
309527
463640
491457
303821
418835
343807
333442
322213
477568
411755
444487
460755
509386
452008
504320
395832
384853
356434
349204
471491
528680
379990
469712
434364
409447
405985
454114
342879
299677
338680
481769
452028
321840
318599
434505
310440
462112
434168
300782
436345
371081
451519
526361
474442
337696
445671
468355
427167
428747
302307
381123
439882
360871
377884
382520
353017
377140
429775
356662
305496
530101
540689
426761
317887
324949
439178
428198
380479
428746
301532
455725
458275
323875
363076
312728
445406
521877
541085
449294
362430
364077
433004
480375
452731
522811
345725
539908
362145
506063
425140
318700
474829
528474
324430
522221
501001
403776
318795
478548
358992
329397
300922
517154
362034
439707
354391
429355
479796
413885
355065
306132
354853
452842
385688
427217
468814
439352
377109
365919
516017
473005
452710
370165
401983
408626
308768
432290
357364
382723
444341
531069
465649
525231
468913
392010
339154
522344
450829
523047
384460
458875
432100
387738
507494
436285
365857
379207
360442
395122
307819
430470
476447
395506
454588
441214
533953
473826
525873
464252
310345
480751
518145
408046
399927
497480
336568
426686
399907
452490
527714
304505
500152
360614
472348
312137
463752
460149
304615
371136
325313
349765
421337
445044
526135
496148
465932
370301
366104
377833
338634
539934
535700
302237
310240
517686
423593
434006
497946
357182
490708
520756
309166
359866
319340
418082
356108
478752
398548
469318
502445
311347
519459
335814
328915
344387
316533
379510
382531
471842
316684
467801
349562
484960
392324
357295
336676
378859
406208
317407
475077
418142
473862
385316
435493
400500
395456
385723
334480
354513
507275
335831
378475
382890
497092
474166
396630
310697
420648
455903
520412
379838
407464
470548
384964
429250
510876
522600
453235
367297
310692
391086
372414
386276
413099
336005
412146
359112
465383
404579
492910
491973
502656
394808
509654
430503
435788
396555
528665
322000
386944
405320
510461
347567
416329
491111
474428
434453
481733
383287
490829
372305
375010
512484
369692
512819
380363
518798
419655
534209
362932
517872
476055
318038
371500
428639
473577
309195
541278
530364
489319
431512
378783
518624
481124
501394
506155
447516
418955
510380
502259
494505
439891
368974
466096
485754
425007
518822
453077
356985
529249
464527
530000
467418
427734
481940
399334
377793
321728
401921
416247
508776
488658
503329
506548
385460
397995
428095
461353
400829
484642
423279
316322
345821
468101
425732
474234
532789
533298
345405
314192
431147
321947
356430
299049
386283
488851
330900
492168
446401
304354
299047
469026
407277
534448
389537
535027
489940
538579
376506
374477
438167
483465
521528
359992
322498
402099
426797
413499
369281
424032
521557
327377
452486
419215
402087
416980
337244
541616
539923
539514
532773
442705
343013
385665
461406
521601
437417
393509
494445
535479
428132
398603
506970
401162
474663
388244
517998
458534
480961
357031
468733
365436
470131
387598
505280
412861
375766
436275
476352
525353
440167
465472
364284
513300
534073
349456
537870
406939
497070
434084
487297
494475
478085
309590
492665
301923
305749
303369
390817
418468
427826
339673
403101
319762
382661
418922
434688
435747
522873
481880
352304
328177
463546
484273
313326
315820
476234
410440
522861
488291
477686
355466
402456
468358
424970
403775
322784
352018
437704
365239
371130
338688
330812
327273
353979
319924
474219
453293
346791
397512
334635
316960
454132
381263
520184
328801
525482
538732
337020
512664
314180
338101
449665
518503
372889
376297
376989
504774
350349
363593
409106
434921
383241
343445
480279
308604
508526
498276
432380
404707
416434
360911
473954
303361
510870
356231
308203
393838
467015
301881
303180
432941
326143
384647
447999
304080
402796
390629
408637
478530
334611
489813
425536
372150
349266
403150
301276
413018
474404
484280
517668
534734
531085
362482
485080
407414
309115
328324
489023
423821
529525
426613
406015
510011
368271
484966
448905
324708
535990
404165
336126
418513
302195
391979
388648
421399
336853
345224
345436
406883
328355
401629
489306
464929
386049
334116
310521
539043
368804
480524
349071
413541
309838
385008
426331
325033
321757
455655
489720
366987
532823
348452
425808
506551
431842
360268
363328
421455
339691
486846
419054
498126
388596
489659
534504
502262
463192
506633
401915
343608
475135
397317
301932
490976
430173
343289
436687
491816
309832
347157
490872
442184
492910
350979
363557
469402
398808
430711
399189
457528
483520
394146
435741
396138
448773
316831
499840
338356
514513
483886
493673
318726
433702
318026
325690
395935
473308
314720
415768
309690
501318
353853
367252
374973
495623
534423
445523
350119
405660
299539
318704
426995
384465
350530
373406
395810
386665
339869
318733
472165
404126
511043
482678
433694
311878
412019
301375
321841
486719
368870
506973
486034
335102
448218
480195
463243
540310
362808
328706
455644
358243
409305
473193
341975
471065
483253
485916
408129
494330
441519
387799
374618
506006
393654
304893
326158
318357
333026
300899
321938
523965
380237
471587
476428
510502
389819
392404
430017
522824
534432
416808
438956
440570
500791
363769
431462
529969
515791
508959
497023
445320
511861
540981
404050
536863
395664
431325
345647
355131
435795
499933
407946
381042
418043
357822
365212
537701
400432
348653
356634
378536
478051
435832
471620
507763
320870
418227
359839
449400
312278
339718
347931
497994
387263
523462
327274
442058
342638
433948
537595
306416
378651
452989
394725
506158
491625
394163
498495
327519
384780
390371
337422
392090
457478
488087
377558
503721
358911
480055
339645
368609
323912
400603
527595
511564
441642
374342
531233
475659
330494
324582
524792
460814
452591
462498
333966
474297
409022
385092
477478
332674
454100
362949
503513
526921
367076
415147
509331
523558
472433
415730
466062
443721
535305
494635
333924
524073
436590
375922
366461
511918
475434
370093
326032
451868
521371
340759
444457
471575
490115
508045
382502
512438
448389
474477
330493
337527
489498
365120
465413
505632
398281
347064
360011
450395
444811
354310
394792
447599
421962
383122
351122
373418
507411
318146
302386
396429
497747
355577
299270
485543
527889
305512
500719
533584
432234
436138
318367
491908
345321
335113
412207
359553
314696
478281
387352
309207
322686
320654
473213
463721
437051
445981
346691
341739
337973
324892
416413
533111
366431
347451
516321
310080
442476
395108
529434
425207
327693
341376
440969
305656
415497
404143
461250
513267
385905
389175
386737
497521
517025
471597
359572
523806
446877
315587
527976
335033
322456
351676
337078
519145
346841
367547
444682
364705
400140
537892
451194
345476
348628
357897
340529
504155
316239
476229
336993
429765
488455
302212
421383
337057
356141
528898
432278
426286
309241
317564
403157
337614
435840
529455
477194
368464
317580
433037
309413
368662
456452
520768
336697
520865
337019
411396
372052
373116
427754
414903
372604
359553
311000
409329
319210
342151
317265
438509
503215
309024
505229
514698
308845
501996
390816
530182
538946
494254
334875
311853
459796
380832
515460
431336
310507
310074
320701
377557
479405
429501
474430
457510
518475
499554
532759
331744
495504
449582
479919
333844
363255
460804
372931
322806
533152
433491
476511
364645
378867
446353
391712
430004
395618
486130
347799
436924
451209
341507
299172
333608
498132
449663
347557
381632
502680
534009
398634
407879
534309
333425
468268
389421
401821
435311
439342
392716
326148
429892
459567
412975
457627
399485
385995
351110
425903
489441
407138
509438
371114
402986
337003
489777
535888
527005
441389
307395
502097
482738
401658
533171
474214
517459
300564
331536
320906
413124
492892
393101
349833
488179
445228
383241
499468
478646
436095
323544
501759
508298
310888
474695
468248
380315
462630
465145
476514
308929
539180
483186
501439
417296
504198
462015
309795
340981
459298
309951
486402
383936
528642
400666
401607
385550
489072
477865
468518
445101
439264
350185
465415
341301
372794
521296
516969
419908
402927
323332
473407
408183
351954
454989
434182
329802
307656
371474
455762
499710
365532
527760
323277
319425
494454
523999
352860
359278
362574
399887
306841
497821
437236
396009
391082
367421
492612
493985
506510
515241
417339
345224
477832
503946
404054
511261
420443
344134
481200
300435
371102
521032
506135
438722
513938
483729
462334
453729
333348
414009
525271
394181
521219
396089
446335
489705
444307
328048
467484
408056
407243
469570
468063
427132
342310
366576
431320
377674
539639
517414
308067
503142
469906
438229
387765
391444
389653
404941
539927
467944
506912
402412
392395
393208
419379
437164
311488
453045
482422
539288
401167
423512
355525
407181
530926
524274
355186
366342
460869
476768
471668
342723
465621
511761
313384
334674
339748
457081
499685
367251
356562
528200
353401
541607
423783
360235
448646
496521
303728
419419
334797
516843
347050
344709
307882
377049
531286
373390
364873
446208
407276
401392
377882
312262
505055
523184
414890
371631
383169
324450
439113
429906
349591
328573
498938
338126
350540
314544
500957
320352
518388
517303
489342
371048
535290
454428
464014
352054
308597
417703
378692
447971
390893
300466
317933
320882
432104
313070
487177
539735
426854
463854
420291
394411
327414
473966
476909
512298
439242
443204
473737
359393
538707
423031
361632
541867
538591
462791
479410
342656
452833
540215
519211
420706
479161
522055
490975
344585
348740
305114
430370
477295
468752
526562
446609
527880
456494
373470
334780
519989
329929
411380
309271
496536
531867
539102
394053
353003
486192
395604
523673
350377
421499
455212
402661
376266
530992
426829
436800
464590
420137
406070
533367
540235
491326
331528
310928
362839
450425
396779
307812
351622
425463
535839
388666
426451
333921
331379
355922
461164
413963
402730
323292
455848
536111
497302
316356
306120
334590
497461
310972
503186
305747
312321
508050
373457
342215
470435
465465
350689
357121
536967
530432
540294
415911
416373
302218
452480
464545
421351
411880
508572
340166
492586
524059
312637
516471
520966
489113
499871
318642
530170
396774
318005
377342
380975
472213
411576
390385
484742
492533
305978
390634
494952
356859
412876
437623
305279
467923
454106
354147
486873
454638
344984
429507
535087
460925
330338
466415
467464
440348
512058
348966
398375
360524
426001
391991
465646
389850
470581
480868
439088
485667
461550
515911
378372
314314
439006
500604
313727
436647
404090
526339
369180
324917
446350
373716
388813
424369
462868
341035
450241
425515
501465
509273
535520
325991
321512
325160
483051
427713
397466
325657
386323
422411
325856
503428
505004
420292
317124
348171
484965
486727
452953
325074
321016
526965
429352
488646
498175
530433
470973
426242
340102
468423
428023
356943
448252
340241
378955
516777
338435
342151
316688
532874
507243
476847
412749
499235
361457
468466
346489
402021
342796
377066
456603
378038
464323
344764
301520
305114
332608
341947
468638
442580
357102
521267
391209
300008
394898
435455
319862
358408
345746
375633
461037
522454
532959
516562
350978
424114
398185
445306
369376
454731
533232
317710
400125
531592
418504
334933
427194
527119
507190
475274
462396
392112
424698
380945
474419
325893
531177
370830
407532
512003
326232
348280
412683
534719
383234
513340
421834
331729
360261
478280
516262
453102
410360
304159
409442
317728
403144
503951
440306
473787
407007
439621
317816
323381
438883
409187
401459
469067
458602
356672
503801
315036
444913
299580
446730
473733
472633
519026
478129
490727
518228
302106
406247
411864
486463
504778
396179
467706
446808
311783
516557
455122
377281
475336
325321
370165
309593
505405
300695
374657
532079
433243
449423
325461
299649
524332
306046
466644
472880
380854
315252
525963
415276
408157
532973
431787
310649
346247
375065
487085
527085
522589
504640
433464
340111
332460
335337
469888
377926
368000
441137
411684
390558
428848
400348
388191
439895
307744
516904
421942
394527
527234
527327
333030
343316
325447
363520
374566
480855
387038
381603
417986
470199
302249
389179
326017
503571
538103
387916
439822
460652
344977
476988
421478
533109
300332
541005
401848
433439
444971
522734
448734
507143
470369
335220
536106
327175
414697
488884
338080
535611
334541
343979
333292
407509
485239
496421
492695
399931
323945
489895
324697
358112
384759
376772
466855
341372
498240
406910
374945
454086
485923
394608
534898
366722
436469
514378
452701
429419
439155
351615
370517
539775
335222
429318
438319
497673
301845
380108
373911
420223
351087
377946
433667
358028
435594
367997
436809
332276
316924
326300
459119
387771
470003
383200
518734
456531
306284
538767
383008
537833
522240
423209
503425
527721
387101
350354
539425
518124
487233
307943
520486
354705
528814
432873
538238
515575
385616
343118
361770
510001
422038
324807
314302
362543
475913
453355
325065
325806
366773
343935
494696
509630
535682
521399
370409
402797
533282
485937
401228
444668
499529
345664
487671
301441
377724
538171
360424
457741
333914
415807
345087
406836
333576
459243
438322
389839
352069
521713
375186
407857
520234
437464
399938
326759
373882
406625
392265
446911
487751
430196
446151
532881
412831
320660
444731
397935
445456
422598
404844
442536
458845
313564
476120
483260
456361
313682
495552
399845
390133
351708
427220
336946
366458
338580
393145
456617
518841
362883
342369
428058
475217
388897
520787
335721
353420
311653
532587
426857
328799
404751
537170
484740
410084
369089
483467
539287
381484
396803
539590
335489
489200
399236
475983
384128
358050
522747
392516
362308
389678
519952
456082
468814
309012
471982
458929
358440
331502
334611
369652
318884
459973
428656
532734
508079
312298
307336
356286
425166
324508
435485
453129
452675
404995
459699
363523
417213
357073
413096
428106
472537
457689
432425
501021
409471
367092
382519
322470
351557
381952
429432
335305
341272
533217
463226
375037
538055
345426
316565
456774
345101
339221
478616
419826
524971
471304
502053
304580
531106
501798
510865
520024
333189
408314
375143
442793
447792
504898
386438
454958
357482
369016
505343
521440
516511
529029
519565
373854
488824
346047
329615
385278
539250
508400
316164
513142
463913
469514
463873
364607
335099
461409
314825
503915
450149
516422
384959
508671
434938
408572
408322
531484
369217
444924
314074
462699
325486
316163
492344
414595
457052
466433
432103
539664
336275
417889
490475
485867
538491
412281
452485
397356
521791
359111
528604
449362
479011
451203
510633
475316
428309
501382
428041
301100
425882
418824
500772
434749
422345
331999
400367
455407
399998
397104
510317
479530
394760
527564
333702
348635
312885
354174
388712
458349
437470
415407
372963
479752
521689
537096
491606
341404
534154
442257
444898
390335
418313
362211
429257
397828
341889
358119
364247
541989
410155
529111
436327
451886
407303
541716
491589
416446
539765
401011
474892
360812
369966
462807
458222
524304
474269
487839
361528
467824
434119
349723
421314
333796
471961
381421
348688
477685
498113
391101
367906
345348
459413
520031
438688
493745
436682
387149
456018
480878
515393
481978
441058
375166
537061
470607
532596
430967
531322
316425
333715
536207
516767
530930
480896
392874
403287
487778
454423
447284
497893
338309
488553
448144
333588
517159
495985
522450
454953
460526
302231
340309
497732
491195
486212
375062
438320
307090
445611
317397
308632
301971
410473
467533
419560
318038
318239
391461
431001
335101
450902
482341
424360
417627
493798
380166
396474
382536
411548
427594
474449
381464
493990
300469
424098
464154
521630
323935
385025
488936
518091
448474
307613
349823
422235
446462
314653
374240
407541
305416
361891
392333
478524
454668
520742
395460
350832
502319
409196
394044
308962
300111
415842
471513
426589
529599
404266
363811
330217
306641
521065
458125
375823
510170
361550
516477
507847
478745
366739
304388
311216
357785
373612
365229
474444
517159
343856
531311
438724
470315
314133
350851
432996
333488
411880
328008
306647
484157
375666
513107
411989
424937
398366
460755
408791
419668
351643
380070
479133
299855
332021
307118
420458
332649
429465
393818
522654
518659
417927
492721
527317
490578
457107
353252
325984
362355
451599
331738
413433
331329
347691
325364
364068
523077
464146
443215
305950
465130
452903
530195
348788
302924
360239
486707
301002
403239
318135
380447
535971
401267
374894
465938
367442
463811
430636
532466
534345
306200
531225
537068
447076
479467
324763
395323
426020
366714
359058
329379
491181
355613
538044
340587
342567
482620
477175
539586
475261
514024
509842
411758
509233
369743
346619
505577
484356
507316
463702
464158
310319
485113
444565
377744
512978
308415
472737
470449
361034
334222
316871
461490
431183
441650
366786
339564
352453
375458
539403
456940
512129
351933
357215
432238
367593
362125
412527
383936
451337
423325
501162
364743
360155
378288
438415
432011
349098
476637
371908
435486
427175
436247
400730
391282
326359
434637
508222
310726
312711
480557
328984
392312
352351
492151
435019
353140
342105
466771
324008
356413
512180
383030
537671
339220
403958
415331
405498
500584
346570
325567
314763
329209
388111
319228
433901
518986
302011
481464
376607
499724
342171
497492
444028
409697
343287
328684
471612
332755
334335
408680
413866
465050
496036
345791
320492
317219
467247
467483
482302
398307
420039
356605
528663
483117
376778
530192
435344
480698
317605
436496
437069
529868
500536
387514
369607
396502
351797
465233
378435
444922
536250
433128
383149
484965
360676
539582
421321
360955
375982
311499
411009
528671
409177
374892
434439
503886
300005
528471
492360
392470
349678
316158
407307
335346
351968
482938
461173
326406
496547
488036
317268
481716
487271
474759
300824
433270
418982
335420
497920
412810
347627
520002
390673
337416
534810
471186
506525
305565
313203
496431
451076
388265
302440
326310
500189
332637
371075
333749
379928
493840
447237
509478
530769
496911
359610
494208
434171
402506
427551
515618
309281
331153
514007
445704
330130
381577
364406
495175
417589
518574
413322
473061
330926
429060
311361
379219
424832
359071
458308
378064
405720
453871
384057
368050
302582
409543
319557
437096
335889
469518
503268
313466
413599
480212
388837
425119
531991
533379
529299
379143
377467
469769
299113
540703
529006
382310
313628
346585
438329
492022
495569
537731
340304
489316
348132
449652
533941
349392
413108
484701
472981
373672
494754
535135
315987
309854
442358
408901
341972
484345
427587
525864
466518
447509
484519
485820
352749
417425
466952
514999
501501
337513
439464
506759
312775
354580
338680
485743
316133
498864
492674
479336
395281
490573
456053
472608
524849
525878
443887
412415
494802
353540
331598
352137
429035
311514
526129
507427
299872
513705
375288
381745
302155
484357
355506
321984
487974
324840
330524
356230
420414
363770
458976
385401
513650
426911
312650
482980
318100
304633
501415
423053
389035
452268
343734
382858
484422
323316
394838
330926
516166
539928
524051
444202
417342
325003
394648
541414
444238
486468
444950
405113
394740
416045
390461
502027
324991
431026
392742
485266
396372
412606
394901
540284
475288
374762
436057
374547
360120
332553
310563
507914
328189
398205
322484
436442
383665
396009
524195
323805
453858
370448
379095
444552
322720
331247
324650
352243
340395
477130
521823
428419
476113
307325
328595
362010
435255
440720
497145
504825
367330
366093
317848
467277
495272
382821
465429
449234
313385
438756
390154
496388
312104
409550
305712
497733
504729
364164
443891
461469
533187
363935
432792
390499
424524
339749
449212
482579
333084
396320
382571
431659
537778
454623
415628
488235
331438
327259
530557
406370
512081
411931
441248
358303
406735
365584
422795
348319
438119
438429
530231
320589
357503
537405
310093
528066
328534
381505
503105
350324
490768
504153
446035
375169
379339
305790
473270
387841
534191
381419
386581
315638
494918
409809
449126
370806
438638
327840
465926
301963
301144
358491
495533
394793
479848
392127
368729
529427
462379
400031
540816
325320
468558
516608
521480
495474
322858
328285
346183
417804
442489
541858
454547
475018
539429
319458
318762
467526
448300
491210
307911
343481
303755
318800
487766
525929
332492
422240
409893
485797
426417
477430
500170
340497
480259
305424
310255
500190
511875
358406
391804
481186
335627
468036
325530
331592
352353
412112
373886
459041
403770
482382
494164
460022
367830
434103
527177
365598
521141
406797
500816
317394
457200
464605
497654
355156
476737
404834
347238
307083
516270
446720
377001
374780
303183
453596
517103
382760
488929
363374
472243
427434
369602
525007
405206
391579
330689
309410
467068
381560
382317
478019
357251
340426
403806
391329
388157
307840
405060
504241
505724
355164
465883
474327
339926
486985
537029
497536
325094
492840
368206
524506
437333
452444
486906
378913
347274
494347
309896
343993
470337
468054
386040
409317
438516
371767
432839
394410
324180
486895
365004
428466
475364
370709
411059
337672
532235
465578
489955
311897
398442
515694
393257
521377
507724
432523
519677
304310
380685
366528
380775
363711
443301
382750
407785
385141
372103
418023
444438
516093
421342
333581
411322
537380
482949
378998
323338
430827
411001
421320
404528
425470
344999
301698
509521
387293
384724
529006
442310
395911
428848
357149
390798
300176
430462
472394
483170
341121
515609
353979
446903
369943
341079
476153
309896
469653
318275
342715
460349
339121
385935
320605
412116
401849
394550
463005
518973
522872
480534
510680
416711
362228
481754
429263
425971
510643
360594
534990
376780
370103
469203
483284
494881
352259
305014
471082
497994
324142
358069
392560
381085
407991
407670
536846
474756
430853
474997
342257
392966
497901
441051
327122
459344
302212
379148
410320
327662
367212
325876
323081
492102
336139
465641
495671
332873
385443
365532
441327
475509
401412
432091
490758
351637
483361
452221
499862
513100
326555
402289
420171
446805
469423
446244
541276
500816
348442
344062
477874
376547
528591
333140
422916
340724
447706
341962
513192
499943
436747
300659
473772
511943
484034
474199
314041
520619
504514
499541
477312
406847
426238
409950
503186
389557
406803
345667
338234
443305
449057
509242
473159
299339
323764
322293
379647
462694
314145
392728
384899
443588
431872
310411
372562
374373
361868
314594
429844
431483
422214
383107
513187
404279
359331
365073
512732
334199
518162
466486
356078
317097
351169
519671
414927
322247
375691
538427
299886
403140
489020
355192
489297
472801
368074
473163
476772
449107
485904
366166
375466
458925
463462
386979
307436
533202
406076
478270
516088
400838
374371
455154
484572
305962
463987
331302
538266
369157
520034
351172
444799
369285
316208
331083
378695
353983
440811
455619
529066
416848
440115
406730
502804
461351
517583
437526
333683
368191
493269
368912
457005
367829
536354
435051
352301
400990
426252
359002
437260
412284
416349
304195
318946
348430
351587
412530
454223
329408
484316
352061
319521
489254
359010
415794
377095
476043
355399
472217
408374
438593
416321
512798
412746
315858
404441
390652
541431
383097
351042
377809
325881
388627
450932
432282
369802
517041
392253
424827
537181
329350
486497
450097
530798
496931
347240
451133
529287
339125
447539
366594
518696
499336
527261
404657
462598
498248
328908
325519
382115
499687
398867
304991
440072
301446
438706
432377
480705
342544
320910
363396
448792
521567
477348
475893
494924
371916
403512
460785
496770
400775
317479
443298
324499
532875
494244
538456
538872
477975
420398
475243
448188
456469
332059
438827
538637
369915
422513
525188
303608
408892
533265
446645
361119
380793
455894
531350
420953
469258
503577
504294
487054
360657
478600
386646
333262
455857
489365
527247
445641
397486
313528
405716
484634
451690
376189
375815
433435
440313
340562
396508
452528
355512
309852
538139
391870
448513
349236
489637
316075
305957
316297
339757
326361
348364
379002
331562
340406
346912
520254
414366
336212
339586
432396
494546
457534
448227
400670
513487
524602
308176
433736
347035
353905
537928
418920
504627
475514
531855
424444
520326
496248
450567
479168
503244
370418
376107
532849
392926
484246
431136
482416
303936
491282
504526
493968
389439
522996
428264
380201
471432
518658
461602
359708
533958
504284
519699
510361
422781
419192
446684
452106
311017
409294
411226
468155
513826
421658
299726
364891
491404
390594
484823
421233
378189
365763
445983
458297
380184
391756
311899
510864
488161
335304
391452
485190
346792
347787
353788
413568
451548
462521
385394
346847
305831
315420
353659
307222
371119
404804
398408
332515
358227
487054
505284
469123
530002
445908
470761
380458
347346
357088
530950
525118
304296
448164
352550
526302
433031
463817
485190
336787
363013
316359
359144
370820
427261
402505
441701
339729
515482
490109
503133
358932
483530
513151
372772
388615
337822
538885
309626
402091
431319
413580
427744
305563
321821
512703
443370
491309
401093
382505
541133
453708
370469
322761
480250
526418
422785
491818
441985
473576
503469
513865
401270
516137
433727
415566
483970
510366
408234
533991
527208
493616
541496
310104
439368
513112
309188
327810
484523
480692
331968
319233
523900
482571
467921
400468
471838
518122
533625
522186
500010
379875
510644
382451
385637
349198
524098
457419
422458
527366
318147
360305
395472
459653
439655
348649
317319
309290
468573
454684
522935
379803
319680
491447
498520
464199
368942
466455
387754
447780
357029
427404
372412
369258
345553
396314
409735
484081
312383
367939
489629
450762
418401
327874
430109
346542
411305
538873
368076
491724
465436
380398
496531
318271
299627
414984
534614
457979
420056
383247
488975
483938
538984
426487
409349
386638
395732
390359
356530
398246
450229
474990
316463
457371
423052
510548
511589
331027
531749
456880
311142
440994
521021
536679
320664
525281
528847
514344
399010
526718
393399
339195
531234
495091
364571
513588
483671
329474
395781
410740
468561
498076
535928
471331
464376
337969
352789
446802
508284
410696
426371
518840
504993
373905
452253
435816
322685
306113
310673
398460
396680
321620
443143
311426
416441
324871
439729
484113
446867
319350
354856
461128
527503
338912
449061
516685
356140
427962
531425
373308
359365
514651
494663
506000
457730
474249
414305
471663
404512
347381
454648
414182
501938
376409
480025
501897
309540
474235
447122
365066
501986
392032
473026
530280
493953
527775
422634
361682
302649
501443
510760
364187
482726
322122
525952
451033
378853
341097
302205
424521
406862
326094
406796
517406
479799
371978
325939
442295
410697
535749
466918
430148
394338
490411
431521
365999
396790
301630
313246
309184
465796
539892
469603
328815
513499
327934
418842
380083
377825
403119
419053
369820
405421
382583
370178
492476
475374
449310
404136
524768
307446
377790
515167
348202
489880
402565
487092
299777
529990
511331
352377
409943
470838
315589
412455
319225
520679
426815
340279
314057
478145
417588
422789
500429
429915
529910
321185
323142
444927
323088
363423
400152
491333
439630
404509
403676
363526
300808
457069
383391
307880
358533
396618
540125
453499
433978
300586
385315
404443
301739
303946
478832
420242
324758
402377
487870
519682
494539
349339
411867
435531
311228
376146
468553
496851
333210
342916
449856
534612
400366
307264
428046
382457
434721
335428
496457
300705
330268
503060
450768
490851
386553
367880
338131
370256
436248
335154
375416
458027
315884
490871
351526
374019
441147
451072
525390
377113
527347
515636
380793
425566
507554
408310
391463
491082
387786
410485
398222
491233
465905
477819
332700
326315
395936
432173
429687
345453
404974
477050
333539
308975
518208
316619
367795
333256
457191
406066
430134
372149
512902
334382
442092
464162
468554
430919
408155
393173
528856
442408
339561
360935
370754
527406
364404
474829
424779
487265
511885
438563
339871
425808
365019
445761
492404
372048
380905
416575
532372
424458
331635
345863
455848
536285
325109
449803
423208
469706
464084
310684
422921
386489
404914
380539
308383
499219
447110
383707
403132
409194
357877
510557
519104
528708
437843
421741
525080
325105
475881
311750
301038
343051
384082
360157
404197
455528
516845
334277
374002
391409
443870
369030
314097
510782
370574
452578
341530
460139
390867
414700
421584
422110
501168
431261
400582
340815
368196
492009
430411
490239
480786
467623
473306
332639
478853
475694
409582
446087
348578
532841
392437
344822
401522
505462
524827
537056
301259
532441
481701
423633
448190
522096
455510
417623
336653
479135
384733
394857
540376
335283
411169
500448
314350
454845
398615
392378
409557
371922
321331
523160
488603
399780
497756
455522
329337
333543
533675
439887
329022
513941
471982
361017
480807
451472
502109
481998
371486
513635
537031
350466
364708
510003
320152
535061
489150
471194
414695
437915
358715
354307
450270
299491
301168
410201
323553
508392
401523
300621
429288
416422
489451
396503
343250
498157
305422
351724
456207
428803
484680
330692
487045
526015
430901
415776
501156
451461
305287
468833
409203
465232
322139
391886
506733
383941
436569
514669
530770
374749
516363
380663
456994
359112
351875
414936
314425
499704
367613
310505
520393
352197
377355
505239
355928
304658
386955
514061
390746
500784
375726
316350
436618
477193
523375
371409
351589
486219
540364
484328
394712
468497
307210
475050
368955
402316
334726
310741
493845
345312
346679
407479
391735
516311
395816
321512
405582
428708
371087
489034
447072
531770
348921
334093
515008
302828
438928
362143
500302
314123
506103
456121
465219
334037
384128
393871
464256
336055
418541
523557
389707
409547
425488
530395
377147
340248
490221
427026
389949
353428
395405
445946
408371
532541
398469
504495
376162
354687
442562
361057
352637
300210
370527
372148
466580
349438
407597
510288
359222
456111
495303
383602
504798
426778
333777
454224
324210
357493
372506
534286
404632
466325
348544
407005
308283
459039
350915
536500
477153
312866
334052
438775
469016
387944
448472
538004
473115
370377
401870
513266
530646
517097
416480
465654
519059
342299
415990
413543
505425
329228
457474
373724
311460
506435
519988
461783
393463
500727
512352
526252
378482
497402
405098
326654
518800
377549
538396
451021
406774
460647
387966
303826
498298
310878
522430
540002
412904
435447
333931
490417
386595
533273
425718
495292
471064
452895
361239
308500
519691
448119
396560
328803
519285
480226
426861
397412
511973
474202
466314
302352
454106
436480
363710
381091
487885
362852
477102
474189
312963
507241
442460
491804
524228
506453
463879
479013
299457
442501
529570
368732
502684
322311
346275
308611
383347
319797
341232
423953
418816
319983
460395
303492
408049
420467
459880
447510
318497
441698
410765
492465
500587
529168
539462
346544
317756
313022
466610
364457
389404
322351
511993
373082
350686
494060
318100
408789
466208
474146
443298
523104
418933
459825
349429
421490
483935
496612
380760
411331
309047
330535
417459
488938
504601
323488
478205
416695
347689
493704
432828
370450
368391
512322
343671
314660
435770
327820
525410
390018
450354
482499
301669
395721
495440
541736
498010
350067
360263
397497
480984
468133
387952
538630
333971
425188
337280
532790
393869
419965
490507
503469
398895
472178
423288
346382
433802
339378
539198
412817
503812
333597
414983
464928
499165
496026
341543
504382
310115
501461
504276
443668
477300
505126
444612
371681
508209
322082
466980
407343
447812
355136
353108
394371
492508
470191
320456
513024
445796
370478
434897
327242
501559
399073
339967
339288
530375
502007
345845
465058
392790
385225
389385
377201
365304
463447
332587
374427
370206
473060
444701
317022
531533
407628
504139
360169
414685
410551
529312
468459
456422
490143
367287
475545
456288
483766
490143
304363
476660
516427
430918
433702
454789
426150
324022
467492
335892
457379
353529
469638
505045
385042
332108
380643
353235
453941
488529
338458
513874
478365
307826
478712
345762
395986
478147
495004
342462
342065
505978
306065
395419
472480
510907
470641
382289
515223
532344
356784
361472
487215
395772
394041
308302
410625
489671
447258
322703
428547
320347
515836
402526
526862
452506
454741
373377
480314
437717
346614
364583
348867
314866
339824
440898
359173
310895
406820
431416
358853
540033
442060
430365
423489
370851
457466
479711
355760
320846
379610
362012
381045
321512
379405
538394
385803
318604
492470
386052
411361
408357
438888
478788
433798
427302
489970
521974
429390
387978
428046
530854
458920
418308
346233
458177
339105
432840
334569
518676
412547
435060
540829
510121
348553
400316
306102
341796
526139
495093
397966
375918
419461
430536
364733
402609
443214
449455
441696
434296
432711
398359
375237
421515
323402
313355
399013
527140
362791
541763
410094
379365
329857
308779
506702
504082
456059
308048
407915
499675
333918
491693
451248
337626
402093
428803
461443
392409
315711
337213
449923
350760
524585
414975
535565
419514
328670
322072
433282
436218
401807
369321
303372
473974
460464
454263
479540
410138
480254
365751
399799
454991
526610
375891
351955
462554
429166
492609
357172
400995
348921
303609